id	label	x	y	cluster	weight<Links>	weight<Total link strength>	weight<Occurrences>	score<Avg. pub. year>
1	ability	-0.2905	-0.2576	1	89	252	33	2020.9697
2	activity	-0.3295	-0.4405	1	104	686	87	2020.8621
3	adoption	0.3154	-0.3539	3	88	293	38	2021.3158
4	advance	0.2959	0.2192	2	101	584	52	2021.1154
5	agriculture	-0.7169	0.8217	1	57	146	24	2020.9167
6	architecture	0.1563	0.5557	4	107	634	77	2021.1688
7	attention	-0.1477	-0.8074	1	84	285	40	2021.05
8	big data	-0.6914	0.6579	4	97	591	64	2020.4219
9	blockchain	0.305	0.9279	2	94	579	58	2021.3621
10	center	0.2618	-0.9752	3	82	268	30	2021.3667
11	challenges	-0.529	0.5251	4	62	197	27	2021.5185
12	collaboration	0.6193	-0.5553	3	97	552	67	2021.6567
13	collaborative robot	1.0041	-0.3631	3	71	265	28	2021.4286
14	communication	-0.2243	0.6464	4	103	529	56	2021.625
15	communication technology	-0.9047	0.4015	1	71	219	26	2020.5769
16	community	-0.8089	-0.3037	1	96	483	62	2020.9032
17	complexity	0.5209	-0.6103	3	94	336	38	2021.2632
18	condition	-0.568	-0.4661	1	100	498	59	2021.0678
19	control	0.5571	0.5942	2	100	647	70	2021.2429
20	covid	-0.067	0.2685	2	93	542	57	2021.4386
21	customer	-0.1581	0.4974	4	72	202	25	2020.92
22	cyber physical system	0.2812	0.2981	4	89	409	50	2021.14
23	digital transformation	0.3701	0.4955	2	104	599	50	2021.26
24	digital twin	0.8839	0.0855	2	94	562	50	2021.66
25	digitalization	-0.4403	-0.572	1	92	411	53	2021.0189
26	economy	-0.7436	-0.4399	1	101	697	101	2020.9505
27	education	-0.9213	-0.5019	1	92	560	86	2020.8488
28	effect	-0.3759	-0.6255	1	89	326	38	2020.6842
29	effectiveness	-0.3371	0.3915	1	71	207	31	2020.6129
30	efficiency	0.5049	0.3064	2	107	1071	111	2021.3604
31	effort	-0.068	-0.8362	1	91	300	41	2020.7317
32	energy	0.2687	0.4563	2	96	511	40	2021.125
33	engineering	0.6453	-0.0229	2	81	373	44	2020.9545
34	enterprise	-0.5081	0.0996	1	93	374	59	2020.8814
35	expert	-0.124	-0.4163	1	89	257	32	2021.1875
36	factor	0.1856	-0.7621	3	101	593	81	2021.1605
37	factory	0.9577	0.2463	2	95	554	52	2020.7885
38	fifth industrial revolution	-0.394	-0.0846	1	94	360	50	2020.74
39	flexibility	0.2358	-0.7668	3	82	268	32	2021.7188
40	fourth industrial revolution	-0.5056	-0.0821	1	100	508	62	2020.5484
41	government	-0.9317	-0.3035	1	93	438	48	2020.25
42	healthcare	0.3053	0.7982	2	85	449	38	2021.3947
43	human	0.1677	-0.518	3	106	1040	127	2021.2047
44	human robot collaboration	0.9333	-0.9108	3	53	191	22	2021.6364
45	identification	0.5102	0.6485	2	93	479	37	2021.1351
46	iiot	-0.0562	1.247	4	62	243	25	2021.32
47	importance	-0.3394	-0.8407	1	95	448	52	2021.1538
48	improvement	0.776	-0.2544	2	101	643	55	2021.3091
49	industrial internet	-0.198	1.1153	4	77	306	38	2021.3158
50	industrial revolution	-0.926	-0.1931	1	104	725	99	2020.7071
51	influence	-0.0105	-0.7086	3	75	253	36	2021.2778
52	information technology	-0.4611	0.6135	4	77	198	24	2020.5833
53	interaction	0.3007	-0.1477	3	108	799	100	2021.27
54	internet	-0.3766	0.6366	4	107	1095	117	2021.0256
55	iot	-0.1865	0.7911	4	104	822	90	2021.0333
56	knowledge	-0.6031	-0.244	1	103	634	81	2020.6543
57	learning	0.1616	-0.0997	2	102	631	70	2021.2571
58	life	-0.9307	0.0939	1	102	681	89	2020.3146
59	logistic	0.4819	0.7679	2	95	475	42	2020.9762
60	machine	0.0767	0.1668	4	107	786	92	2021.2935
61	machine learning	-0.3021	0.7926	4	70	219	25	2021.08
62	manufacturing industry	-0.1134	0.1577	1	83	291	44	2021.2273
63	manufacturing sector	-0.3437	-0.3291	1	70	207	32	2021.3125
64	network	0.0952	0.5674	4	107	1004	106	2021.066
65	operation	0.6961	0.2349	2	104	631	53	2021.3208
66	operator	1.1069	-0.2486	3	96	657	62	2021.3871
67	optimization	1.0081	0.0646	2	90	554	48	2021.2292
68	pandemic	-0.7064	0.1881	1	90	377	44	2021.5227
69	paradigm	0.5097	-0.2053	2	104	826	86	2021.1279
70	performance	0.5115	0.168	2	103	870	102	2021.4216
71	person	-0.5747	-0.0898	1	105	692	89	2020.5843
72	platform	0.0531	0.4661	2	102	586	60	2020.9
73	potential	-0.1165	-0.6714	1	87	296	40	2021.075
74	practice	-0.7688	-0.1035	1	92	391	66	2020.803
75	processing	-0.5807	0.6483	4	82	287	34	2020.8235
76	production process	0.2947	-0.4623	3	99	429	50	2021.18
77	production system	0.9007	-0.2633	2	85	386	35	2021.3143
78	productivity	0.2799	-0.2714	3	106	598	63	2021.1111
79	project	-0.4871	-0.3316	1	96	426	53	2020.5849
80	reality	0.2051	-0.4595	3	100	607	70	2021.1286
81	relationship	-0.4776	-0.8258	1	86	341	53	2020.8113
82	reliability	-0.2926	0.1927	4	70	209	27	2020.8889
83	resilience	0.9113	-0.0042	2	89	430	39	2021.4872
84	revolution	-0.424	0.2273	1	99	536	70	2020.8286
85	risk	0.5902	0.4159	2	96	463	41	2020.6829
86	robot	0.7266	-0.3546	3	104	842	76	2021.0263
87	robotic	0.4825	-0.1007	2	104	808	72	2020.8889
88	safety	0.5448	-0.7866	3	84	315	32	2021.3125
89	science	-0.8259	0.2278	1	96	452	61	2020.541
90	sensor	0.2455	0.5982	4	98	429	46	2021.0435
91	simulation	1.0944	0.4691	2	84	450	42	2021.619
92	skill	-0.3334	-0.7514	1	101	550	64	2020.9531
93	smart manufacturing	0.7001	0.757	2	90	474	48	2020.9167
94	strategy	-0.7651	0.061	1	108	946	107	2020.7383
95	structure	-0.6186	0.0761	1	96	463	59	2020.7288
96	student	-0.7582	-0.609	1	77	277	47	2020.7872
97	super smart society	-0.9517	0.7361	1	58	185	21	2020.381
98	supply chain	0.1905	0.3789	2	105	770	90	2021.3778
99	supply chain management	0.9845	0.7619	2	73	334	27	2021.4444
100	support	0.1841	0.6908	2	100	422	41	2021.122
101	sustainability	0.4747	-0.4025	2	103	892	98	2021.3469
102	sustainable development	-0.4651	-0.5021	1	87	369	38	2021.3947
103	task	0.6759	-0.7017	3	90	475	54	2021.2778
104	technological innovation	-0.8863	-0.0146	1	81	270	26	2020.8462
105	thing	-0.2047	0.8544	4	105	1115	119	2021.0924
106	training	-0.3055	-0.6466	1	84	268	33	2021.1515
107	transition	-0.5379	-0.588	1	95	476	67	2021.2836
108	uncertainty	0.6702	0.0757	2	86	351	27	2020.9259
109	user	-0.056	-0.1087	3	89	326	40	2021.125
110	worker	0.5511	-0.8879	3	83	454	64	2021.1406
