1	2	6
1	4	2
1	6	3
1	7	3
1	8	3
1	9	2
1	10	2
1	11	3
1	12	2
1	13	2
1	14	1
1	15	2
1	16	3
1	17	2
1	18	4
1	19	3
1	20	2
1	22	1
1	23	3
1	24	1
1	25	2
1	26	2
1	27	8
1	28	2
1	29	1
1	30	3
1	31	1
1	32	2
1	33	3
1	34	1
1	35	2
1	36	4
1	38	2
1	39	1
1	40	2
1	41	2
1	42	2
1	43	4
1	44	2
1	46	4
1	47	7
1	49	2
1	50	2
1	53	4
1	54	6
1	55	2
1	56	5
1	57	1
1	58	2
1	60	3
1	62	1
1	63	3
1	64	3
1	65	4
1	66	4
1	67	1
1	68	4
1	69	3
1	70	5
1	71	7
1	73	3
1	74	4
1	75	2
1	76	1
1	78	3
1	79	3
1	80	1
1	81	2
1	82	3
1	83	3
1	84	1
1	85	4
1	86	2
1	87	3
1	89	3
1	91	1
1	92	7
1	93	1
1	94	7
1	96	8
1	98	2
1	101	2
1	102	2
1	103	3
1	104	2
1	105	5
1	106	2
1	107	2
1	108	1
2	3	4
2	4	4
2	5	3
2	6	7
2	7	5
2	8	4
2	9	3
2	10	3
2	12	2
2	13	3
2	14	4
2	15	9
2	16	15
2	17	5
2	18	11
2	19	8
2	20	10
2	21	3
2	22	5
2	23	8
2	24	2
2	25	10
2	26	20
2	27	11
2	28	9
2	29	1
2	30	7
2	31	7
2	32	7
2	33	4
2	34	8
2	35	3
2	36	12
2	37	7
2	38	6
2	39	3
2	40	11
2	41	9
2	42	5
2	43	9
2	44	3
2	45	5
2	47	7
2	48	10
2	49	3
2	50	12
2	51	5
2	52	2
2	53	10
2	54	14
2	55	6
2	56	8
2	57	5
2	58	14
2	59	3
2	60	4
2	61	4
2	62	7
2	64	11
2	65	4
2	66	10
2	67	4
2	68	8
2	69	2
2	70	6
2	71	14
2	72	10
2	73	8
2	74	8
2	75	2
2	76	5
2	77	2
2	78	6
2	79	9
2	80	14
2	81	4
2	83	5
2	84	4
2	85	1
2	86	5
2	87	12
2	88	1
2	89	3
2	90	5
2	91	3
2	92	4
2	93	3
2	94	17
2	95	7
2	96	7
2	97	2
2	98	10
2	100	3
2	101	14
2	102	7
2	103	9
2	104	5
2	105	9
2	106	4
2	107	10
2	108	2
2	109	6
2	110	6
3	4	2
3	6	2
3	7	2
3	8	2
3	11	3
3	12	9
3	13	3
3	14	2
3	15	3
3	16	1
3	17	6
3	18	1
3	19	7
3	21	4
3	23	3
3	24	1
3	26	3
3	28	3
3	30	8
3	31	2
3	32	2
3	34	4
3	35	6
3	36	1
3	37	2
3	38	3
3	39	2
3	40	5
3	41	2
3	43	11
3	44	3
3	45	2
3	47	3
3	48	2
3	49	1
3	50	4
3	51	6
3	52	2
3	53	6
3	54	5
3	55	7
3	56	3
3	57	1
3	59	5
3	60	1
3	61	2
3	62	1
3	63	4
3	64	4
3	65	7
3	66	4
3	67	2
3	69	4
3	70	5
3	71	2
3	72	1
3	73	2
3	74	1
3	76	3
3	77	3
3	78	5
3	80	7
3	81	2
3	83	1
3	84	3
3	85	2
3	86	6
3	87	5
3	88	4
3	89	1
3	90	3
3	91	2
3	92	4
3	94	3
3	95	5
3	98	9
3	99	1
3	100	2
3	101	5
3	102	2
3	103	3
3	104	1
3	105	6
3	106	2
3	107	2
3	108	1
3	109	1
4	5	2
4	6	9
4	8	5
4	9	8
4	11	6
4	12	5
4	13	2
4	14	7
4	15	3
4	16	4
4	17	3
4	18	3
4	19	7
4	20	6
4	21	3
4	22	6
4	23	9
4	24	8
4	25	3
4	26	10
4	27	3
4	28	3
4	29	2
4	30	12
4	31	2
4	32	5
4	33	11
4	34	1
4	35	2
4	36	2
4	37	8
4	38	3
4	40	6
4	41	5
4	42	7
4	43	12
4	44	3
4	45	6
4	47	6
4	48	8
4	49	1
4	50	8
4	51	1
4	52	1
4	53	5
4	54	12
4	55	8
4	56	1
4	57	5
4	58	12
4	59	9
4	60	6
4	61	2
4	62	3
4	63	7
4	64	12
4	65	8
4	66	7
4	67	7
4	69	14
4	70	8
4	71	2
4	72	5
4	74	1
4	75	2
4	76	3
4	77	5
4	78	6
4	79	3
4	80	6
4	81	4
4	83	5
4	84	6
4	85	12
4	86	11
4	87	15
4	89	7
4	90	5
4	91	5
4	92	6
4	93	8
4	94	9
4	95	4
4	96	3
4	97	1
4	98	11
4	99	6
4	100	5
4	101	17
4	102	4
4	103	3
4	104	3
4	105	13
4	106	6
4	107	4
4	108	6
4	109	7
4	110	4
5	6	3
5	9	6
5	14	2
5	15	2
5	19	4
5	20	1
5	22	2
5	23	1
5	25	2
5	26	6
5	27	2
5	30	3
5	32	3
5	33	2
5	34	3
5	35	2
5	36	1
5	38	1
5	41	1
5	42	7
5	46	2
5	49	2
5	50	1
5	51	2
5	53	1
5	54	3
5	55	6
5	56	3
5	57	2
5	58	6
5	59	2
5	60	1
5	61	2
5	62	2
5	64	3
5	65	1
5	69	1
5	70	2
5	71	4
5	72	3
5	74	1
5	78	2
5	79	2
5	84	6
5	86	1
5	89	3
5	90	2
5	94	7
5	96	2
5	97	2
5	98	2
5	100	2
5	103	1
5	104	2
5	105	3
6	7	2
6	8	6
6	9	12
6	10	3
6	11	3
6	12	5
6	14	8
6	15	1
6	16	7
6	17	6
6	18	7
6	19	12
6	20	6
6	21	1
6	22	8
6	23	5
6	24	5
6	25	4
6	26	7
6	27	2
6	28	1
6	29	6
6	30	17
6	31	3
6	32	5
6	33	5
6	34	2
6	35	2
6	36	6
6	37	6
6	38	1
6	39	6
6	40	3
6	41	2
6	42	5
6	43	14
6	44	1
6	45	3
6	46	6
6	47	1
6	48	7
6	49	7
6	50	7
6	51	1
6	52	3
6	53	12
6	54	22
6	55	16
6	56	4
6	57	12
6	58	8
6	59	2
6	60	9
6	61	2
6	62	5
6	63	3
6	64	19
6	65	9
6	66	4
6	67	7
6	68	7
6	69	10
6	70	9
6	71	8
6	72	6
6	73	4
6	74	7
6	75	7
6	76	11
6	77	2
6	78	3
6	79	5
6	80	8
6	81	1
6	82	6
6	83	6
6	84	2
6	85	4
6	86	4
6	87	7
6	88	5
6	89	1
6	90	12
6	91	7
6	92	2
6	93	8
6	94	6
6	95	5
6	96	1
6	98	6
6	99	4
6	100	3
6	101	9
6	102	5
6	103	7
6	104	1
6	105	26
6	106	2
6	107	2
6	108	5
6	109	11
6	110	1
7	8	1
7	9	2
7	10	4
7	12	4
7	14	1
7	15	2
7	16	4
7	17	3
7	18	4
7	19	1
7	20	5
7	23	2
7	25	4
7	26	5
7	27	4
7	28	4
7	30	3
7	31	5
7	32	5
7	33	3
7	35	2
7	36	3
7	37	5
7	38	1
7	39	1
7	40	6
7	41	6
7	43	6
7	45	1
7	47	6
7	48	4
7	50	7
7	52	1
7	53	7
7	54	2
7	55	2
7	56	3
7	57	3
7	58	3
7	60	6
7	62	5
7	63	1
7	64	4
7	65	2
7	66	2
7	68	3
7	69	1
7	70	6
7	71	2
7	72	3
7	73	1
7	74	4
7	75	2
7	76	4
7	77	8
7	78	2
7	79	9
7	81	2
7	82	1
7	83	2
7	86	3
7	88	3
7	89	3
7	90	2
7	91	3
7	92	2
7	93	2
7	94	10
7	95	5
7	96	1
7	98	4
7	100	3
7	101	5
7	102	3
7	103	3
7	104	4
7	105	1
7	107	4
7	108	2
7	110	5
8	9	8
8	10	2
8	11	6
8	12	2
8	13	2
8	14	9
8	15	6
8	16	6
8	17	2
8	18	4
8	19	8
8	20	6
8	21	2
8	22	4
8	23	9
8	25	5
8	26	8
8	27	8
8	28	2
8	29	2
8	30	5
8	31	2
8	32	2
8	33	1
8	34	3
8	35	1
8	36	3
8	37	6
8	38	5
8	40	10
8	41	10
8	42	6
8	43	10
8	45	4
8	46	3
8	47	4
8	48	1
8	49	7
8	50	13
8	52	3
8	53	5
8	54	25
8	55	19
8	56	16
8	57	6
8	58	13
8	59	6
8	60	13
8	61	8
8	62	2
8	63	1
8	64	11
8	65	1
8	67	4
8	68	4
8	69	5
8	71	15
8	72	7
8	74	4
8	75	8
8	76	5
8	77	1
8	78	6
8	79	6
8	80	6
8	81	1
8	82	2
8	84	7
8	85	3
8	86	10
8	87	10
8	88	1
8	89	9
8	90	8
8	91	2
8	92	11
8	93	8
8	94	25
8	95	6
8	96	1
8	97	7
8	98	8
8	99	4
8	100	4
8	101	2
8	104	3
8	105	26
8	106	3
8	107	6
8	108	4
8	109	2
9	11	5
9	12	10
9	13	5
9	14	5
9	18	2
9	19	11
9	20	8
9	21	2
9	22	8
9	23	10
9	24	11
9	26	1
9	27	4
9	29	2
9	30	13
9	31	2
9	32	8
9	33	6
9	34	2
9	35	1
9	37	10
9	38	2
9	39	2
9	40	3
9	41	2
9	42	15
9	43	3
9	45	7
9	46	9
9	47	2
9	48	6
9	49	10
9	50	6
9	52	2
9	53	2
9	54	18
9	55	11
9	56	2
9	57	9
9	58	2
9	59	7
9	60	5
9	61	4
9	62	2
9	64	14
9	65	7
9	66	6
9	67	7
9	68	7
9	69	10
9	70	11
9	71	3
9	72	8
9	74	2
9	75	3
9	76	2
9	77	5
9	78	5
9	80	8
9	81	3
9	82	2
9	83	5
9	84	5
9	85	11
9	86	9
9	87	12
9	88	2
9	89	4
9	90	7
9	91	7
9	92	2
9	93	10
9	94	6
9	95	2
9	96	4
9	97	2
9	98	17
9	99	9
9	100	8
9	101	13
9	102	2
9	104	3
9	105	23
9	106	3
9	107	3
9	108	7
9	109	2
10	12	8
10	14	2
10	17	5
10	18	1
10	19	1
10	20	4
10	23	1
10	24	5
10	25	3
10	26	3
10	27	4
10	28	1
10	30	4
10	31	4
10	32	3
10	33	4
10	35	2
10	36	9
10	37	3
10	38	5
10	39	1
10	40	1
10	41	3
10	43	9
10	44	4
10	45	2
10	47	4
10	48	3
10	49	1
10	50	2
10	51	2
10	53	2
10	54	1
10	55	1
10	56	6
10	57	4
10	60	1
10	62	1
10	64	3
10	65	3
10	66	9
10	67	5
10	68	4
10	69	7
10	70	2
10	71	4
10	72	1
10	73	1
10	74	1
10	75	1
10	76	7
10	77	4
10	78	2
10	79	2
10	80	1
10	81	2
10	83	4
10	84	2
10	86	7
10	87	5
10	88	5
10	89	2
10	90	2
10	92	4
10	93	1
10	94	6
10	95	1
10	96	5
10	100	2
10	101	5
10	102	1
10	103	4
10	104	3
10	106	1
10	108	2
10	109	2
10	110	11
11	12	1
11	14	9
11	16	2
11	17	1
11	18	2
11	19	1
11	22	4
11	23	4
11	25	2
11	27	2
11	30	3
11	34	2
11	35	2
11	40	1
11	41	4
11	43	4
11	46	5
11	47	4
11	48	2
11	49	6
11	50	5
11	51	2
11	52	2
11	53	4
11	54	3
11	55	2
11	58	2
11	60	2
11	62	1
11	63	4
11	64	5
11	65	1
11	68	2
11	69	3
11	72	1
11	73	1
11	76	3
11	77	2
11	78	1
11	79	2
11	80	6
11	81	2
11	82	2
11	84	2
11	85	4
11	89	2
11	92	4
11	93	9
11	94	6
11	95	2
11	98	2
11	100	4
11	101	4
11	102	2
11	105	8
11	107	3
12	13	7
12	14	7
12	15	2
12	17	9
12	18	6
12	19	5
12	20	2
12	22	3
12	23	4
12	24	5
12	25	2
12	27	3
12	29	1
12	30	8
12	31	8
12	32	1
12	33	3
12	34	4
12	35	4
12	36	6
12	37	7
12	38	2
12	39	6
12	42	5
12	43	32
12	44	8
12	45	2
12	46	1
12	47	2
12	48	7
12	49	3
12	50	3
12	51	5
12	53	11
12	54	7
12	55	5
12	56	12
12	57	12
12	58	1
12	59	5
12	60	19
12	61	3
12	62	3
12	63	3
12	64	15
12	65	6
12	66	14
12	67	9
12	68	1
12	69	7
12	70	8
12	71	4
12	72	4
12	73	1
12	74	1
12	76	3
12	77	2
12	78	11
12	79	2
12	80	9
12	81	10
12	82	1
12	83	3
12	84	3
12	85	1
12	86	18
12	87	7
12	88	5
12	89	2
12	90	6
12	91	1
12	92	10
12	93	1
12	94	4
12	95	7
12	96	2
12	98	13
12	99	2
12	100	3
12	101	7
12	103	8
12	104	2
12	105	10
12	106	8
12	107	3
12	109	7
12	110	9
13	14	2
13	17	3
13	19	5
13	21	2
13	22	4
13	24	4
13	25	2
13	29	2
13	30	2
13	32	1
13	34	1
13	35	1
13	36	4
13	37	8
13	38	3
13	39	2
13	40	2
13	42	7
13	43	14
13	44	8
13	47	1
13	48	7
13	50	2
13	51	2
13	53	8
13	54	5
13	55	2
13	57	1
13	58	1
13	59	1
13	60	5
13	63	2
13	64	7
13	65	3
13	66	9
13	67	6
13	69	4
13	70	4
13	71	5
13	72	1
13	73	1
13	76	1
13	78	9
13	80	8
13	82	1
13	83	1
13	84	5
13	85	2
13	86	9
13	87	7
13	88	7
13	89	2
13	90	2
13	91	2
13	92	2
13	94	2
13	95	1
13	98	4
13	99	1
13	101	4
13	103	7
13	105	5
13	107	1
13	110	4
14	15	6
14	16	6
14	17	4
14	18	4
14	19	5
14	20	7
14	21	2
14	22	6
14	23	1
14	24	2
14	26	6
14	27	4
14	28	1
14	30	6
14	31	3
14	32	2
14	33	1
14	34	1
14	35	2
14	36	2
14	37	3
14	38	5
14	39	2
14	40	2
14	41	3
14	42	5
14	43	14
14	45	5
14	46	10
14	47	5
14	48	3
14	49	12
14	50	5
14	51	2
14	52	4
14	53	16
14	54	18
14	55	20
14	56	3
14	57	5
14	58	8
14	59	4
14	60	14
14	61	2
14	62	2
14	63	4
14	64	17
14	65	3
14	66	5
14	67	5
14	68	7
14	69	3
14	70	8
14	71	6
14	72	3
14	73	1
14	74	1
14	75	6
14	76	8
14	78	7
14	79	4
14	80	7
14	81	3
14	82	2
14	83	3
14	84	9
14	85	3
14	86	3
14	87	4
14	88	2
14	89	4
14	90	7
14	91	5
14	92	5
14	93	9
14	94	6
14	95	2
14	96	2
14	97	3
14	98	4
14	99	3
14	100	5
14	101	4
14	102	4
14	103	3
14	105	25
14	106	2
14	107	3
14	109	4
14	110	3
15	16	5
15	17	1
15	18	1
15	20	2
15	23	2
15	25	2
15	26	3
15	27	4
15	30	2
15	31	1
15	32	2
15	34	4
15	35	2
15	37	2
15	40	7
15	41	7
15	42	3
15	43	3
15	46	2
15	48	2
15	49	3
15	50	4
15	53	1
15	54	9
15	55	4
15	56	1
15	57	1
15	58	11
15	60	4
15	62	2
15	63	3
15	64	5
15	65	2
15	68	2
15	70	3
15	71	7
15	72	2
15	73	1
15	75	2
15	78	6
15	79	3
15	80	4
15	82	3
15	84	5
15	85	1
15	86	1
15	87	4
15	89	2
15	90	1
15	92	2
15	93	1
15	94	4
15	95	2
15	96	2
15	98	3
15	99	1
15	100	2
15	101	4
15	105	5
15	108	1
15	109	2
16	17	2
16	18	7
16	19	1
16	20	5
16	22	1
16	23	4
16	24	1
16	25	1
16	26	8
16	27	8
16	28	1
16	29	1
16	30	4
16	31	6
16	32	3
16	34	3
16	36	5
16	37	2
16	38	2
16	39	2
16	40	12
16	41	11
16	42	2
16	43	13
16	45	6
16	47	3
16	48	7
16	49	2
16	50	10
16	51	2
16	52	1
16	53	16
16	54	10
16	55	6
16	56	7
16	57	7
16	58	17
16	59	2
16	60	5
16	61	2
16	62	2
16	64	6
16	65	2
16	66	1
16	67	2
16	68	5
16	69	4
16	70	8
16	71	13
16	72	9
16	73	6
16	74	12
16	75	2
16	76	2
16	77	1
16	78	4
16	79	5
16	80	3
16	81	7
16	82	3
16	83	4
16	84	6
16	85	3
16	86	8
16	87	9
16	88	2
16	89	11
16	90	1
16	91	1
16	92	5
16	94	9
16	95	6
16	96	1
16	97	2
16	98	5
16	100	4
16	101	6
16	102	5
16	103	5
16	104	2
16	105	10
16	106	1
16	107	4
16	108	5
16	109	4
16	110	6
17	18	3
17	19	3
17	20	4
17	22	4
17	23	4
17	24	2
17	25	4
17	26	3
17	27	4
17	28	2
17	30	6
17	31	3
17	32	1
17	33	3
17	34	2
17	35	1
17	36	10
17	37	2
17	38	1
17	39	2
17	40	1
17	41	2
17	43	10
17	44	2
17	46	1
17	47	1
17	48	6
17	49	2
17	50	2
17	52	2
17	53	4
17	54	2
17	55	3
17	56	4
17	57	2
17	58	4
17	59	3
17	60	6
17	64	6
17	65	3
17	66	3
17	67	7
17	68	2
17	69	14
17	70	4
17	71	4
17	72	2
17	73	2
17	74	1
17	75	1
17	76	4
17	77	5
17	78	7
17	79	3
17	80	3
17	81	2
17	82	2
17	83	2
17	85	2
17	86	9
17	87	5
17	88	5
17	89	1
17	90	4
17	91	6
17	92	3
17	93	2
17	94	2
17	95	3
17	96	2
17	98	5
17	99	1
17	101	8
17	102	1
17	103	8
17	105	6
17	107	4
17	108	3
17	109	2
17	110	4
18	19	2
18	20	7
18	21	2
18	22	2
18	23	1
18	24	3
18	25	6
18	26	12
18	27	7
18	28	3
18	29	4
18	30	8
18	31	3
18	32	2
18	33	2
18	34	4
18	35	2
18	36	9
18	37	4
18	38	5
18	39	6
18	40	7
18	41	5
18	43	5
18	45	6
18	46	2
18	47	9
18	48	1
18	49	2
18	50	12
18	51	6
18	52	2
18	53	6
18	54	6
18	55	4
18	56	4
18	57	8
18	58	11
18	60	8
18	61	3
18	64	11
18	65	5
18	66	4
18	67	2
18	68	6
18	69	8
18	70	7
18	71	5
18	72	4
18	73	4
18	74	3
18	75	3
18	76	8
18	77	4
18	78	10
18	79	5
18	80	6
18	81	9
18	82	7
18	83	2
18	84	6
18	85	4
18	86	4
18	87	1
18	88	5
18	89	4
18	90	4
18	91	3
18	92	4
18	93	1
18	94	18
18	95	5
18	96	3
18	98	9
18	100	2
18	101	10
18	102	9
18	103	2
18	104	5
18	105	7
18	106	4
18	107	9
18	108	1
18	109	1
18	110	3
19	20	7
19	21	2
19	22	4
19	23	12
19	24	11
19	26	3
19	27	3
19	28	2
19	29	5
19	30	12
19	32	8
19	33	6
19	34	7
19	36	4
19	37	9
19	38	3
19	39	5
19	40	3
19	42	7
19	43	8
19	44	4
19	45	6
19	46	2
19	47	4
19	48	9
19	49	6
19	50	2
19	51	4
19	52	3
19	53	10
19	54	12
19	55	13
19	56	2
19	57	10
19	58	6
19	59	9
19	60	6
19	61	1
19	62	2
19	64	23
19	65	11
19	66	10
19	67	12
19	68	1
19	69	10
19	70	14
19	71	10
19	72	8
19	74	4
19	75	6
19	76	4
19	77	5
19	78	3
19	79	4
19	80	11
19	82	3
19	83	8
19	84	5
19	85	7
19	86	12
19	87	14
19	88	3
19	89	5
19	90	11
19	91	13
19	92	5
19	93	11
19	94	9
19	95	6
19	96	1
19	97	6
19	98	10
19	99	5
19	100	9
19	101	9
19	102	1
19	103	11
19	104	4
19	105	16
19	106	1
19	108	6
19	109	2
19	110	2
20	23	5
20	24	7
20	25	6
20	26	9
20	27	7
20	28	6
20	29	2
20	30	5
20	31	2
20	32	11
20	33	9
20	34	6
20	35	2
20	36	4
20	37	7
20	38	5
20	39	5
20	40	7
20	41	3
20	42	9
20	43	3
20	45	7
20	47	2
20	48	6
20	50	3
20	51	1
20	52	4
20	53	4
20	54	6
20	55	6
20	56	7
20	57	11
20	58	4
20	59	9
20	60	6
20	61	2
20	62	2
20	63	1
20	64	7
20	65	5
20	66	6
20	67	5
20	68	32
20	69	8
20	70	11
20	71	6
20	72	8
20	74	1
20	76	3
20	77	7
20	78	2
20	81	3
20	83	12
20	84	1
20	85	7
20	86	6
20	87	8
20	88	4
20	89	6
20	90	2
20	91	7
20	93	7
20	94	9
20	95	3
20	96	4
20	97	6
20	98	16
20	99	5
20	100	8
20	101	10
20	102	6
20	104	7
20	105	4
20	106	1
20	107	6
20	108	5
20	110	5
21	22	2
21	23	2
21	25	3
21	26	3
21	28	2
21	30	6
21	32	3
21	34	4
21	36	1
21	38	2
21	39	1
21	40	4
21	42	2
21	43	4
21	45	3
21	46	2
21	48	5
21	49	2
21	50	6
21	51	4
21	53	2
21	54	8
21	55	7
21	56	2
21	58	4
21	59	5
21	60	5
21	61	1
21	62	2
21	63	2
21	64	3
21	65	4
21	66	2
21	68	1
21	69	1
21	70	5
21	71	3
21	76	1
21	78	2
21	80	2
21	83	1
21	84	4
21	85	1
21	88	2
21	89	2
21	90	4
21	92	2
21	93	2
21	94	3
21	95	2
21	98	6
21	99	2
21	100	2
21	101	3
21	102	3
21	104	2
21	105	5
21	106	1
21	107	4
21	108	1
21	109	2
21	110	2
22	23	8
22	24	7
22	26	2
22	27	2
22	29	1
22	30	14
22	32	6
22	33	2
22	34	3
22	35	2
22	36	9
22	37	3
22	38	3
22	39	5
22	40	7
22	42	4
22	43	6
22	46	1
22	47	4
22	48	6
22	49	1
22	50	5
22	52	2
22	53	11
22	54	13
22	55	12
22	56	7
22	57	5
22	58	2
22	59	1
22	60	7
22	61	6
22	63	5
22	64	11
22	65	4
22	66	6
22	67	3
22	69	8
22	72	1
22	73	6
22	74	1
22	76	2
22	77	2
22	78	4
22	79	1
22	80	13
22	81	1
22	82	3
22	84	7
22	85	4
22	86	2
22	87	5
22	88	4
22	89	2
22	90	8
22	91	3
22	92	4
22	93	5
22	94	6
22	95	3
22	97	2
22	98	4
22	99	1
22	100	1
22	101	8
22	102	4
22	103	5
22	104	2
22	105	14
22	106	2
22	107	7
22	109	2
22	110	2
23	24	7
23	25	5
23	26	5
23	27	3
23	28	3
23	30	17
23	31	2
23	32	7
23	33	9
23	34	5
23	35	3
23	36	7
23	37	10
23	38	2
23	39	2
23	40	7
23	41	6
23	42	5
23	43	6
23	45	8
23	46	2
23	47	2
23	48	13
23	49	3
23	50	5
23	52	1
23	53	4
23	54	8
23	55	9
23	56	3
23	57	6
23	58	8
23	59	7
23	60	6
23	61	5
23	62	4
23	63	3
23	64	13
23	65	15
23	66	13
23	67	10
23	68	3
23	69	14
23	70	12
23	71	5
23	72	10
23	73	4
23	74	6
23	75	1
23	76	3
23	77	5
23	78	8
23	79	5
23	80	3
23	81	2
23	83	5
23	84	5
23	85	7
23	86	8
23	87	9
23	88	1
23	89	5
23	90	4
23	91	7
23	92	6
23	93	8
23	94	10
23	95	5
23	96	1
23	97	1
23	98	11
23	99	5
23	100	9
23	101	15
23	102	1
23	103	3
23	104	3
23	105	7
23	106	2
23	107	9
23	108	9
23	109	3
23	110	2
24	25	2
24	26	2
24	27	3
24	29	2
24	30	19
24	31	1
24	32	10
24	33	8
24	34	3
24	35	5
24	36	11
24	37	11
24	38	2
24	39	2
24	40	4
24	41	2
24	42	8
24	43	8
24	45	6
24	47	8
24	48	10
24	49	3
24	50	5
24	52	3
24	53	10
24	54	8
24	55	3
24	56	2
24	57	9
24	58	4
24	59	6
24	60	11
24	62	2
24	63	2
24	64	9
24	65	8
24	66	12
24	67	8
24	68	2
24	69	16
24	70	15
24	71	8
24	72	11
24	74	3
24	75	2
24	76	5
24	77	9
24	78	3
24	79	4
24	80	12
24	82	1
24	83	5
24	84	6
24	85	11
24	86	14
24	87	10
24	88	2
24	89	2
24	90	5
24	91	16
24	92	2
24	93	7
24	94	3
24	95	3
24	96	4
24	98	7
24	99	6
24	100	5
24	101	8
24	102	5
24	103	5
24	104	2
24	105	10
24	106	3
24	108	5
24	109	3
24	110	8
25	26	24
25	27	12
25	28	3
25	29	2
25	30	6
25	31	3
25	32	3
25	34	6
25	35	3
25	36	4
25	37	2
25	38	3
25	39	3
25	40	3
25	41	4
25	42	2
25	43	2
25	44	1
25	46	2
25	47	8
25	48	6
25	49	2
25	50	6
25	51	4
25	53	3
25	54	11
25	55	8
25	56	4
25	57	4
25	58	8
25	59	1
25	60	5
25	62	1
25	63	1
25	64	3
25	65	4
25	66	2
25	67	3
25	68	8
25	69	8
25	70	7
25	71	4
25	72	4
25	73	3
25	76	7
25	77	8
25	78	4
25	79	5
25	84	3
25	85	2
25	86	2
25	87	3
25	88	5
25	89	3
25	91	2
25	92	6
25	93	4
25	94	10
25	95	6
25	96	2
25	97	1
25	98	9
25	100	1
25	101	12
25	102	4
25	103	1
25	104	6
25	105	9
25	106	2
25	107	12
25	108	1
25	109	3
25	110	4
26	27	14
26	28	11
26	29	2
26	30	11
26	31	6
26	32	5
26	33	3
26	34	5
26	35	4
26	36	10
26	37	2
26	38	5
26	39	7
26	40	12
26	41	13
26	42	3
26	43	9
26	45	2
26	47	7
26	48	7
26	50	12
26	51	6
26	52	1
26	53	4
26	54	14
26	55	11
26	56	8
26	57	5
26	58	11
26	59	3
26	60	10
26	62	5
26	63	7
26	64	8
26	65	8
26	66	1
26	67	3
26	68	10
26	69	10
26	70	12
26	71	12
26	72	11
26	73	10
26	74	6
26	75	4
26	76	8
26	77	1
26	78	9
26	79	10
26	80	1
26	81	6
26	83	5
26	84	3
26	85	3
26	86	10
26	87	7
26	88	4
26	89	5
26	90	5
26	91	3
26	92	6
26	93	3
26	94	22
26	95	9
26	96	4
26	97	2
26	98	14
26	99	1
26	100	3
26	101	16
26	102	10
26	103	3
26	104	8
26	105	10
26	106	4
26	107	19
26	108	3
26	109	1
26	110	4
27	28	2
27	30	3
27	31	7
27	32	1
27	33	10
27	34	2
27	36	11
27	38	1
27	39	4
27	40	5
27	41	7
27	42	3
27	43	13
27	45	1
27	46	1
27	47	10
27	48	4
27	49	1
27	50	19
27	51	2
27	52	4
27	53	6
27	54	11
27	55	1
27	56	11
27	57	19
27	58	22
27	59	1
27	60	1
27	64	10
27	65	1
27	68	9
27	69	8
27	71	19
27	72	7
27	73	5
27	74	6
27	75	4
27	76	1
27	77	2
27	78	2
27	79	6
27	80	6
27	81	5
27	82	5
27	84	5
27	85	1
27	86	2
27	87	7
27	88	3
27	89	8
27	90	2
27	92	16
27	94	20
27	95	7
27	96	23
27	97	3
27	98	2
27	100	3
27	101	7
27	102	6
27	103	4
27	104	2
27	105	11
27	106	12
27	107	6
27	108	3
27	109	5
27	110	1
28	29	2
28	30	7
28	31	3
28	32	1
28	34	3
28	35	1
28	36	6
28	37	3
28	39	5
28	40	5
28	41	4
28	43	2
28	44	2
28	45	3
28	46	1
28	47	2
28	48	4
28	49	1
28	50	6
28	51	8
28	53	6
28	54	6
28	55	6
28	56	4
28	58	10
28	59	2
28	60	7
28	61	1
28	62	3
28	63	3
28	64	6
28	65	6
28	66	2
28	68	5
28	69	5
28	70	15
28	71	7
28	72	3
28	73	2
28	74	5
28	75	1
28	76	1
28	77	2
28	78	5
28	79	3
28	80	1
28	81	11
28	82	1
28	83	2
28	85	2
28	86	3
28	87	4
28	88	2
28	89	3
28	90	3
28	92	2
28	94	2
28	95	3
28	96	4
28	97	2
28	98	6
28	100	1
28	101	4
28	102	1
28	103	3
28	104	6
28	105	6
28	107	2
28	108	4
28	109	2
29	30	13
29	31	1
29	32	1
29	34	8
29	36	3
29	38	3
29	41	2
29	43	6
29	45	1
29	47	2
29	50	3
29	51	4
29	52	3
29	53	2
29	54	4
29	55	3
29	56	1
29	57	3
29	59	3
29	60	4
29	64	8
29	65	4
29	67	3
29	70	5
29	71	3
29	72	1
29	74	7
29	75	3
29	76	5
29	77	1
29	78	2
29	79	4
29	81	1
29	82	1
29	85	2
29	86	4
29	89	2
29	90	4
29	91	3
29	92	1
29	93	2
29	94	3
29	95	6
29	96	1
29	97	2
29	98	2
29	99	1
29	100	3
29	102	2
29	103	3
29	105	4
29	106	2
29	107	3
29	109	1
30	31	9
30	32	12
30	33	11
30	34	12
30	35	3
30	36	14
30	37	11
30	38	3
30	39	7
30	40	7
30	41	5
30	42	12
30	43	13
30	44	2
30	45	10
30	46	13
30	47	6
30	48	21
30	49	10
30	50	8
30	51	6
30	52	5
30	53	16
30	54	19
30	55	17
30	56	6
30	57	11
30	58	7
30	59	15
30	60	21
30	61	9
30	62	11
30	63	2
30	64	22
30	65	17
30	66	14
30	67	17
30	68	1
30	69	18
30	70	23
30	71	9
30	72	12
30	73	6
30	74	5
30	75	4
30	76	17
30	77	9
30	78	24
30	79	8
30	80	15
30	81	2
30	82	6
30	83	10
30	84	15
30	85	12
30	86	12
30	87	19
30	88	10
30	89	5
30	90	12
30	91	12
30	92	7
30	93	11
30	94	7
30	95	9
30	98	17
30	99	11
30	100	9
30	101	20
30	102	6
30	103	9
30	104	3
30	105	23
30	106	7
30	107	14
30	108	6
30	109	8
30	110	7
31	32	1
31	34	1
31	35	2
31	36	3
31	37	2
31	40	2
31	41	8
31	43	3
31	44	2
31	45	1
31	47	6
31	48	3
31	50	8
31	52	2
31	53	4
31	54	6
31	55	1
31	56	7
31	57	8
31	58	4
31	59	2
31	60	3
31	61	1
31	62	1
31	64	5
31	65	2
31	66	2
31	67	4
31	68	1
31	69	7
31	70	3
31	71	6
31	72	3
31	73	1
31	74	4
31	76	3
31	77	2
31	78	1
31	79	4
31	80	1
31	81	4
31	83	4
31	84	4
31	85	1
31	86	5
31	87	7
31	88	3
31	89	5
31	90	1
31	91	3
31	92	6
31	94	6
31	95	3
31	96	3
31	98	2
31	99	2
31	100	3
31	101	5
31	102	1
31	103	2
31	104	1
31	105	3
31	106	1
31	107	2
31	108	3
31	109	3
31	110	1
32	33	7
32	34	3
32	35	3
32	36	5
32	37	8
32	38	7
32	39	2
32	40	7
32	41	4
32	42	8
32	43	3
32	45	8
32	46	2
32	48	9
32	50	9
32	53	4
32	54	11
32	55	11
32	56	6
32	57	6
32	58	1
32	59	9
32	60	2
32	62	5
32	64	9
32	65	10
32	66	7
32	67	6
32	68	6
32	69	10
32	70	11
32	71	5
32	72	7
32	73	6
32	75	2
32	76	4
32	77	5
32	78	1
32	79	2
32	80	3
32	82	1
32	83	7
32	84	5
32	85	8
32	86	8
32	87	5
32	88	4
32	89	5
32	91	7
32	92	2
32	93	9
32	94	8
32	95	10
32	97	2
32	98	7
32	99	7
32	100	7
32	101	9
32	102	9
32	103	2
32	104	7
32	105	6
32	107	7
32	108	6
32	109	3
32	110	3
33	35	1
33	36	2
33	37	8
33	40	1
33	41	1
33	42	7
33	43	6
33	45	5
33	48	7
33	49	1
33	50	1
33	52	1
33	53	4
33	54	1
33	56	4
33	57	7
33	59	7
33	60	4
33	64	9
33	65	7
33	66	9
33	67	5
33	68	3
33	69	7
33	70	6
33	71	2
33	72	6
33	73	3
33	74	2
33	75	1
33	76	2
33	77	7
33	78	2
33	79	5
33	80	3
33	83	5
33	84	1
33	85	5
33	86	7
33	87	8
33	89	10
33	91	5
33	92	2
33	93	5
33	94	1
33	95	4
33	96	7
33	98	6
33	99	5
33	100	7
33	101	6
33	102	3
33	103	4
33	105	3
33	106	3
33	107	3
33	108	5
33	109	4
33	110	4
34	35	4
34	36	8
34	37	1
34	38	2
34	39	3
34	40	1
34	41	4
34	43	5
34	45	2
34	47	4
34	48	5
34	50	3
34	51	3
34	52	2
34	53	10
34	54	5
34	56	5
34	57	1
34	58	1
34	59	7
34	60	3
34	61	2
34	62	1
34	63	3
34	64	9
34	65	6
34	66	3
34	67	2
34	68	5
34	69	5
34	70	8
34	71	9
34	72	4
34	73	1
34	74	8
34	75	7
34	76	9
34	78	3
34	79	7
34	80	3
34	81	4
34	82	2
34	83	2
34	84	2
34	86	6
34	87	3
34	89	2
34	90	3
34	91	1
34	92	2
34	94	6
34	95	5
34	97	2
34	98	10
34	100	3
34	101	11
34	102	5
34	103	2
34	104	2
34	106	2
34	107	5
34	109	4
34	110	3
35	36	4
35	37	1
35	38	4
35	39	4
35	40	2
35	41	4
35	42	1
35	43	5
35	45	2
35	47	6
35	50	3
35	51	2
35	53	2
35	54	4
35	55	4
35	56	7
35	58	1
35	60	2
35	62	5
35	63	4
35	64	3
35	65	3
35	66	1
35	68	2
35	69	4
35	70	6
35	71	4
35	72	1
35	73	3
35	74	1
35	76	2
35	77	1
35	78	4
35	79	2
35	80	5
35	81	2
35	82	1
35	83	4
35	84	5
35	85	4
35	86	2
35	87	1
35	89	2
35	90	1
35	92	2
35	94	9
35	96	1
35	97	1
35	98	9
35	99	2
35	100	5
35	101	7
35	102	4
35	103	3
35	104	2
35	105	2
35	107	3
35	108	3
35	109	2
35	110	1
36	37	4
36	38	4
36	39	2
36	40	1
36	41	7
36	43	6
36	44	3
36	45	4
36	46	2
36	47	9
36	48	15
36	49	2
36	50	2
36	51	8
36	52	1
36	53	21
36	54	3
36	55	4
36	56	7
36	57	4
36	58	4
36	59	1
36	60	1
36	64	7
36	65	4
36	66	15
36	67	10
36	68	3
36	69	13
36	70	19
36	71	8
36	72	4
36	73	3
36	74	13
36	75	1
36	76	9
36	77	6
36	78	8
36	79	8
36	80	9
36	81	3
36	82	7
36	83	3
36	84	4
36	85	5
36	86	9
36	87	9
36	88	8
36	89	3
36	90	4
36	91	3
36	92	6
36	93	2
36	94	11
36	95	6
36	96	4
36	98	2
36	99	3
36	100	1
36	101	8
36	102	7
36	103	10
36	104	4
36	105	6
36	106	4
36	107	8
36	108	4
36	109	2
36	110	9
37	40	5
37	41	2
37	42	7
37	43	9
37	44	2
37	45	10
37	46	2
37	47	1
37	48	9
37	49	2
37	50	4
37	51	1
37	52	1
37	53	4
37	54	9
37	55	9
37	56	1
37	57	6
37	58	3
37	59	7
37	60	10
37	61	1
37	62	4
37	64	12
37	65	9
37	66	20
37	67	8
37	68	1
37	69	10
37	70	11
37	71	6
37	72	10
37	73	1
37	74	1
37	75	1
37	76	7
37	77	10
37	78	6
37	79	5
37	80	4
37	83	8
37	84	5
37	85	12
37	86	15
37	87	11
37	88	4
37	89	5
37	90	4
37	91	11
37	92	2
37	93	7
37	94	4
37	95	6
37	98	8
37	99	5
37	100	6
37	101	13
37	102	2
37	103	5
37	104	2
37	105	11
37	107	1
37	108	6
37	109	2
37	110	11
38	39	2
38	40	10
38	41	4
38	42	4
38	43	14
38	45	3
38	46	1
38	47	5
38	48	2
38	49	2
38	50	19
38	51	2
38	52	3
38	53	10
38	54	9
38	55	7
38	56	8
38	57	4
38	58	1
38	59	3
38	60	7
38	61	1
38	62	4
38	64	10
38	65	1
38	66	4
38	67	2
38	68	6
38	69	1
38	70	6
38	71	5
38	73	6
38	74	2
38	76	7
38	77	3
38	78	3
38	79	1
38	80	2
38	81	2
38	82	3
38	84	10
38	85	4
38	86	5
38	87	4
38	88	1
38	89	2
38	91	1
38	92	5
38	93	3
38	94	5
38	95	2
38	96	1
38	97	3
38	98	3
38	100	1
38	101	2
38	102	1
38	103	4
38	104	4
38	105	6
38	106	2
38	107	2
38	110	4
39	40	4
39	42	2
39	43	10
39	44	2
39	48	4
39	50	2
39	51	3
39	52	1
39	53	6
39	54	1
39	55	2
39	56	4
39	57	7
39	59	1
39	60	8
39	62	4
39	64	5
39	65	4
39	66	3
39	67	2
39	68	6
39	69	2
39	70	5
39	71	1
39	72	2
39	74	3
39	76	4
39	78	4
39	80	4
39	81	6
39	82	2
39	83	5
39	84	3
39	85	3
39	86	5
39	87	4
39	88	2
39	90	1
39	92	4
39	93	1
39	94	5
39	96	1
39	98	6
39	99	1
39	101	2
39	102	2
39	103	3
39	104	2
39	105	1
39	106	2
39	107	2
39	108	3
39	110	1
40	41	8
40	43	8
40	44	4
40	45	6
40	46	1
40	47	3
40	48	2
40	49	4
40	50	10
40	51	4
40	52	1
40	53	1
40	54	11
40	55	11
40	56	10
40	57	3
40	58	14
40	60	10
40	61	3
40	62	2
40	63	2
40	64	3
40	65	5
40	66	2
40	67	4
40	68	5
40	69	1
40	70	4
40	71	2
40	72	4
40	73	7
40	74	1
40	75	1
40	76	2
40	77	1
40	78	8
40	79	6
40	80	8
40	81	2
40	82	1
40	83	4
40	84	13
40	85	3
40	86	8
40	87	13
40	88	2
40	89	8
40	90	3
40	92	9
40	93	5
40	94	12
40	95	3
40	96	1
40	97	3
40	98	10
40	100	2
40	101	11
40	102	11
40	103	4
40	104	4
40	105	13
40	106	2
40	107	2
40	108	1
41	43	5
41	45	2
41	47	3
41	48	1
41	50	14
41	52	2
41	53	6
41	54	8
41	55	6
41	56	9
41	57	4
41	58	11
41	59	2
41	60	2
41	61	1
41	62	1
41	63	2
41	64	5
41	65	1
41	67	2
41	68	3
41	69	4
41	70	1
41	71	13
41	72	6
41	73	2
41	74	6
41	75	2
41	76	5
41	78	5
41	79	8
41	80	2
41	81	6
41	82	5
41	83	4
41	84	6
41	85	6
41	86	6
41	87	6
41	88	1
41	89	7
41	90	1
41	92	9
41	94	21
41	95	6
41	97	2
41	98	2
41	99	1
41	100	1
41	101	9
41	102	7
41	103	1
41	104	7
41	105	4
41	106	1
41	107	2
41	108	5
41	109	4
41	110	2
42	43	9
42	44	2
42	45	5
42	46	2
42	48	6
42	49	2
42	50	3
42	51	2
42	52	3
42	53	4
42	54	7
42	55	8
42	56	1
42	57	6
42	58	5
42	59	9
42	60	7
42	61	1
42	62	7
42	63	2
42	64	12
42	65	5
42	66	7
42	67	5
42	68	4
42	69	8
42	70	7
42	71	6
42	72	10
42	73	2
42	76	4
42	77	5
42	78	6
42	79	4
42	80	4
42	83	5
42	84	4
42	85	5
42	86	11
42	87	10
42	89	3
42	90	4
42	91	5
42	92	1
42	93	5
42	94	6
42	96	3
42	97	5
42	98	11
42	99	6
42	100	5
42	101	5
42	104	3
42	105	8
42	106	3
42	108	5
42	109	3
43	44	11
43	45	5
43	47	5
43	48	8
43	49	2
43	50	23
43	51	5
43	52	7
43	53	32
43	54	20
43	55	13
43	56	12
43	57	15
43	58	15
43	59	9
43	60	35
43	61	3
43	62	5
43	63	7
43	64	17
43	65	10
43	66	19
43	67	11
43	68	5
43	69	18
43	70	13
43	71	15
43	72	7
43	73	4
43	74	6
43	75	8
43	76	4
43	77	8
43	78	19
43	79	3
43	80	22
43	81	9
43	82	3
43	83	5
43	84	13
43	85	3
43	86	34
43	87	18
43	88	6
43	89	5
43	90	10
43	91	8
43	92	12
43	93	5
43	94	19
43	95	6
43	96	5
43	97	5
43	98	10
43	99	2
43	100	4
43	101	11
43	102	4
43	103	18
43	105	18
43	106	6
43	107	10
43	108	2
43	109	13
43	110	19
44	47	1
44	48	5
44	51	4
44	53	6
44	56	2
44	58	2
44	59	2
44	63	2
44	64	2
44	65	1
44	66	9
44	67	7
44	69	2
44	70	3
44	71	2
44	72	1
44	73	1
44	78	4
44	80	4
44	83	1
44	84	2
44	86	15
44	87	9
44	88	3
44	90	2
44	92	4
44	93	3
44	94	2
44	101	2
44	103	12
44	107	1
44	109	2
44	110	4
45	46	5
45	47	2
45	48	8
45	49	5
45	50	2
45	51	3
45	53	5
45	54	11
45	55	9
45	56	6
45	57	5
45	58	2
45	59	7
45	60	5
45	61	4
45	62	2
45	64	11
45	65	8
45	66	10
45	67	9
45	68	3
45	69	9
45	70	15
45	71	4
45	72	7
45	74	3
45	75	4
45	76	6
45	77	5
45	78	4
45	79	2
45	80	3
45	81	4
45	83	11
45	85	7
45	86	5
45	87	5
45	88	1
45	89	5
45	90	1
45	91	8
45	92	3
45	93	8
45	94	7
45	95	3
45	96	1
45	97	2
45	98	15
45	99	9
45	100	9
45	101	12
45	102	2
45	103	2
45	104	2
45	105	11
45	106	3
45	108	5
45	109	1
45	110	4
46	48	2
46	49	22
46	53	3
46	54	8
46	55	8
46	57	3
46	58	5
46	59	2
46	60	1
46	61	1
46	62	4
46	64	7
46	65	4
46	66	2
46	67	1
46	68	3
46	69	2
46	70	10
46	71	2
46	74	2
46	78	4
46	82	3
46	83	2
46	84	5
46	85	3
46	87	1
46	90	3
46	91	2
46	93	6
46	94	3
46	95	2
46	98	2
46	99	2
46	100	3
46	105	24
46	109	2
47	48	3
47	50	14
47	51	2
47	52	1
47	53	3
47	54	8
47	55	1
47	56	7
47	57	11
47	58	6
47	59	2
47	60	6
47	61	2
47	62	4
47	63	2
47	64	4
47	65	4
47	66	1
47	67	2
47	68	2
47	69	9
47	70	5
47	71	4
47	72	4
47	73	1
47	74	3
47	75	1
47	76	7
47	77	6
47	78	2
47	79	10
47	80	9
47	81	5
47	83	1
47	84	7
47	85	6
47	86	3
47	87	7
47	88	3
47	89	9
47	90	3
47	91	3
47	92	9
47	93	1
47	94	18
47	95	10
47	96	4
47	98	2
47	101	11
47	102	7
47	103	4
47	104	2
47	105	5
47	106	4
47	107	8
47	109	1
47	110	4
48	50	2
48	51	3
48	52	1
48	53	8
48	54	9
48	55	3
48	56	2
48	57	7
48	58	6
48	59	9
48	60	7
48	61	1
48	62	3
48	64	13
48	65	10
48	66	15
48	67	14
48	68	1
48	69	13
48	70	20
48	71	9
48	72	9
48	73	5
48	74	5
48	75	1
48	76	5
48	77	11
48	78	6
48	79	3
48	80	4
48	81	4
48	82	5
48	83	7
48	84	3
48	85	7
48	86	14
48	87	13
48	88	6
48	90	3
48	91	10
48	92	7
48	93	8
48	94	4
48	95	6
48	96	2
48	98	7
48	99	7
48	100	5
48	101	17
48	102	3
48	103	10
48	104	3
48	105	2
48	106	3
48	107	4
48	108	9
48	109	3
48	110	10
49	50	1
49	53	6
49	54	7
49	55	8
49	56	4
49	57	3
49	58	7
49	60	1
49	61	1
49	62	2
49	64	12
49	65	1
49	67	1
49	68	3
49	69	6
49	70	10
49	71	3
49	72	5
49	73	1
49	74	4
49	75	1
49	77	2
49	78	2
49	79	1
49	80	1
49	82	2
49	83	2
49	84	5
49	85	3
49	87	1
49	89	1
49	90	3
49	91	4
49	92	2
49	93	5
49	94	5
49	95	1
49	96	1
49	98	2
49	100	3
49	105	34
49	109	2
49	110	2
50	51	6
50	52	6
50	53	5
50	54	23
50	55	8
50	56	10
50	57	7
50	58	19
50	59	1
50	60	13
50	61	1
50	62	4
50	63	7
50	64	12
50	65	4
50	66	1
50	68	3
50	69	12
50	70	6
50	71	19
50	72	3
50	73	8
50	74	3
50	75	7
50	76	4
50	77	3
50	78	8
50	79	7
50	80	9
50	81	8
50	82	4
50	83	1
50	84	19
50	85	3
50	86	9
50	87	8
50	88	1
50	89	11
50	90	4
50	92	13
50	93	4
50	94	22
50	95	12
50	96	7
50	97	2
50	98	8
50	100	3
50	101	7
50	102	6
50	103	1
50	104	5
50	105	18
50	106	9
50	107	8
50	108	3
50	109	2
50	110	3
51	53	2
51	55	2
51	56	2
51	58	5
51	60	4
51	61	2
51	63	2
51	64	5
51	65	2
51	66	3
51	67	4
51	70	8
51	71	3
51	73	2
51	74	3
51	75	2
51	76	7
51	77	2
51	78	7
51	79	2
51	80	6
51	81	6
51	83	1
51	84	4
51	85	1
51	86	6
51	87	2
51	88	3
51	92	5
51	94	4
51	95	2
51	96	2
51	98	3
51	100	2
51	101	1
51	103	4
51	106	4
51	107	1
51	108	1
51	110	3
52	53	4
52	54	3
52	55	6
52	56	4
52	57	1
52	58	3
52	59	4
52	60	6
52	62	2
52	64	3
52	65	6
52	66	1
52	67	2
52	68	4
52	70	2
52	71	5
52	72	2
52	74	2
52	75	2
52	76	1
52	78	1
52	79	1
52	80	5
52	82	2
52	86	1
52	87	4
52	89	2
52	90	1
52	91	1
52	92	4
52	93	1
52	94	7
52	95	1
52	97	3
52	98	3
52	99	2
52	100	2
52	101	2
52	102	2
52	103	2
52	105	4
52	106	1
53	54	16
53	55	11
53	56	8
53	57	7
53	58	5
53	59	10
53	60	17
53	61	3
53	62	2
53	63	3
53	64	17
53	65	7
53	66	19
53	67	6
53	68	2
53	69	13
53	70	17
53	71	9
53	72	11
53	73	2
53	74	8
53	75	11
53	76	10
53	77	6
53	78	10
53	79	2
53	80	19
53	81	9
53	82	9
53	83	3
53	84	8
53	86	19
53	87	11
53	88	4
53	89	1
53	90	5
53	91	7
53	92	9
53	93	4
53	94	8
53	95	3
53	96	1
53	97	2
53	98	3
53	99	4
53	100	2
53	101	10
53	102	3
53	103	14
53	104	2
53	105	20
53	106	7
53	107	4
53	108	4
53	109	10
53	110	14
54	55	50
54	56	14
54	57	9
54	58	17
54	59	8
54	60	19
54	61	9
54	62	8
54	63	5
54	64	25
54	65	15
54	66	3
54	67	6
54	68	6
54	69	8
54	70	12
54	71	17
54	72	3
54	73	11
54	74	11
54	75	15
54	76	7
54	77	2
54	78	11
54	79	4
54	80	8
54	81	3
54	82	5
54	83	6
54	84	13
54	85	5
54	86	10
54	87	14
54	88	6
54	89	9
54	90	15
54	91	10
54	92	9
54	93	12
54	94	21
54	95	12
54	96	5
54	97	4
54	98	15
54	99	10
54	100	3
54	101	9
54	102	7
54	103	6
54	104	4
54	105	83
54	106	5
54	107	9
54	108	3
54	109	5
54	110	6
55	56	12
55	57	9
55	58	11
55	59	9
55	60	20
55	61	9
55	62	5
55	63	8
55	64	18
55	65	13
55	66	5
55	67	8
55	68	6
55	69	7
55	70	12
55	71	11
55	72	4
55	73	5
55	74	2
55	75	12
55	76	4
55	77	2
55	78	8
55	79	6
55	80	8
55	81	2
55	84	3
55	85	6
55	86	9
55	87	11
55	88	6
55	89	7
55	90	12
55	91	5
55	92	6
55	93	11
55	94	10
55	95	6
55	96	1
55	97	6
55	98	9
55	99	8
55	100	3
55	101	5
55	102	7
55	103	3
55	104	3
55	105	52
55	106	1
55	107	5
55	108	1
55	109	3
55	110	5
56	57	11
56	58	8
56	59	4
56	60	10
56	61	7
56	63	2
56	64	11
56	65	4
56	66	3
56	67	6
56	68	4
56	69	11
56	70	9
56	71	10
56	72	9
56	73	6
56	74	12
56	75	8
56	76	6
56	77	2
56	78	3
56	79	8
56	80	11
56	81	4
56	83	3
56	84	3
56	85	5
56	86	9
56	87	10
56	88	2
56	89	8
56	90	1
56	91	1
56	92	21
56	93	2
56	94	20
56	95	6
56	96	9
56	97	5
56	98	6
56	100	6
56	101	4
56	102	6
56	103	10
56	104	2
56	105	15
56	106	3
56	107	3
56	108	3
56	109	6
56	110	5
57	58	6
57	59	5
57	60	15
57	61	4
57	62	2
57	63	2
57	64	15
57	65	6
57	66	9
57	67	8
57	68	4
57	69	10
57	70	12
57	71	8
57	72	8
57	73	5
57	74	2
57	75	2
57	76	1
57	77	9
57	78	2
57	79	7
57	80	7
57	81	4
57	82	3
57	83	5
57	84	1
57	85	5
57	86	11
57	87	9
57	88	6
57	89	6
57	90	8
57	91	9
57	92	10
57	93	9
57	94	4
57	95	2
57	96	16
57	97	1
57	98	6
57	99	6
57	100	8
57	101	6
57	102	1
57	103	3
57	105	11
57	106	5
57	107	1
57	108	5
57	109	6
57	110	4
58	59	2
58	60	8
58	61	1
58	62	2
58	63	6
58	64	10
58	65	1
58	66	1
58	67	3
58	68	4
58	69	9
58	70	3
58	71	23
58	72	4
58	73	1
58	74	11
58	75	2
58	76	1
58	77	1
58	78	10
58	79	8
58	80	9
58	81	12
58	82	2
58	83	1
58	84	13
58	85	4
58	86	9
58	87	10
58	89	11
58	90	5
58	91	1
58	92	9
58	93	3
58	94	21
58	95	6
58	96	10
58	97	7
58	98	3
58	100	3
58	101	6
58	102	4
58	103	8
58	104	8
58	105	17
58	106	4
58	107	9
58	108	3
58	109	7
58	110	2
59	60	9
59	62	2
59	64	11
59	65	14
59	66	8
59	67	5
59	68	3
59	69	5
59	70	10
59	71	2
59	72	9
59	73	1
59	74	1
59	75	6
59	76	1
59	77	5
59	78	1
59	79	3
59	80	2
59	81	1
59	82	2
59	83	7
59	84	2
59	85	7
59	86	10
59	87	9
59	88	3
59	89	3
59	90	1
59	91	5
59	92	1
59	93	9
59	94	8
59	95	4
59	96	4
59	97	5
59	98	14
59	99	12
59	100	8
59	101	11
59	103	1
59	105	4
59	106	1
59	107	3
59	108	6
59	109	2
59	110	1
60	61	13
60	62	2
60	63	5
60	64	14
60	65	9
60	66	14
60	67	8
60	68	8
60	69	9
60	70	12
60	71	9
60	72	6
60	73	1
60	74	4
60	75	8
60	76	7
60	77	9
60	78	11
60	79	5
60	80	11
60	81	6
60	82	3
60	83	2
60	84	12
60	85	2
60	86	16
60	87	11
60	88	2
60	89	9
60	90	10
60	91	6
60	92	5
60	93	7
60	94	8
60	96	2
60	97	5
60	98	8
60	99	4
60	100	4
60	101	5
60	102	3
60	103	9
60	104	2
60	105	17
60	106	4
60	107	8
60	108	2
60	109	4
60	110	9
61	64	3
61	66	1
61	67	6
61	68	3
61	69	2
61	70	1
61	75	4
61	76	2
61	77	1
61	78	5
61	80	4
61	83	1
61	84	4
61	85	1
61	86	3
61	87	3
61	89	5
61	90	3
61	91	1
61	93	2
61	94	5
61	95	1
61	96	1
61	98	3
61	101	3
61	103	1
61	105	9
61	106	2
61	107	5
61	109	4
62	63	3
62	64	3
62	65	5
62	69	3
62	70	8
62	71	1
62	72	6
62	73	6
62	74	2
62	76	2
62	77	2
62	78	5
62	79	5
62	80	4
62	83	2
62	84	12
62	85	2
62	86	10
62	87	6
62	89	1
62	91	1
62	92	6
62	93	2
62	94	8
62	95	5
62	99	2
62	100	1
62	101	5
62	104	2
62	105	3
62	106	1
62	107	4
62	108	3
62	110	6
63	65	1
63	66	3
63	68	1
63	69	3
63	70	3
63	71	4
63	73	2
63	74	2
63	75	2
63	76	2
63	78	4
63	79	1
63	80	3
63	81	2
63	84	3
63	85	1
63	86	4
63	87	2
63	90	2
63	92	2
63	93	1
63	94	2
63	95	4
63	98	3
63	99	1
63	100	1
63	101	5
63	103	1
63	104	2
63	105	5
63	107	5
63	110	2
64	65	12
64	66	11
64	67	10
64	68	4
64	69	18
64	70	25
64	71	10
64	72	15
64	73	8
64	74	8
64	75	10
64	76	3
64	77	5
64	78	8
64	79	6
64	80	8
64	81	5
64	82	7
64	83	11
64	84	10
64	85	11
64	86	14
64	87	15
64	88	4
64	89	6
64	90	12
64	91	11
64	92	8
64	93	9
64	94	14
64	95	8
64	96	3
64	97	5
64	98	12
64	99	9
64	100	9
64	101	14
64	102	5
64	103	6
64	104	1
64	105	29
64	106	7
64	107	1
64	108	9
64	109	7
65	66	14
65	67	7
65	69	9
65	70	18
65	71	4
65	72	9
65	73	7
65	74	3
65	75	3
65	76	3
65	77	6
65	78	6
65	79	4
65	80	5
65	81	4
65	82	1
65	83	8
65	84	2
65	85	6
65	86	9
65	87	8
65	88	7
65	89	2
65	90	3
65	91	8
65	93	12
65	94	9
65	95	8
65	96	2
65	98	13
65	99	11
65	100	6
65	101	20
65	102	4
65	103	6
65	105	13
65	106	1
65	107	6
65	108	8
65	109	1
65	110	3
66	67	13
66	68	1
66	69	14
66	70	15
66	71	4
66	72	6
66	73	1
66	74	1
66	75	1
66	76	8
66	77	9
66	78	10
66	79	6
66	80	10
66	81	1
66	82	2
66	83	11
66	84	2
66	85	7
66	86	18
66	87	8
66	88	6
66	90	6
66	91	10
66	92	2
66	93	8
66	94	6
66	95	2
66	98	8
66	99	6
66	100	7
66	101	15
66	102	1
66	103	19
66	105	3
66	106	4
66	107	1
66	108	7
66	109	6
66	110	17
67	69	11
67	70	9
67	71	5
67	72	7
67	73	1
67	74	2
67	75	5
67	76	6
67	77	5
67	78	10
67	79	4
67	80	3
67	82	2
67	83	6
67	84	3
67	85	7
67	86	21
67	87	15
67	88	6
67	89	2
67	90	3
67	91	12
67	92	7
67	93	9
67	94	2
67	98	16
67	99	7
67	100	5
67	101	10
67	102	4
67	103	11
67	105	7
67	108	7
67	109	1
67	110	4
68	69	4
68	70	5
68	71	6
68	72	2
68	74	2
68	76	3
68	77	2
68	78	3
68	80	1
68	81	3
68	83	5
68	84	1
68	85	5
68	86	1
68	87	4
68	88	2
68	89	4
68	92	1
68	93	1
68	94	10
68	95	3
68	96	5
68	97	6
68	98	11
68	100	2
68	101	6
68	102	4
68	104	7
68	105	5
68	106	3
68	107	5
68	108	1
68	109	1
68	110	4
69	70	13
69	71	9
69	72	16
69	73	8
69	74	8
69	75	2
69	76	6
69	77	7
69	78	8
69	79	3
69	80	8
69	81	4
69	82	4
69	83	9
69	84	12
69	85	5
69	86	17
69	87	16
69	88	9
69	89	7
69	90	3
69	91	11
69	92	8
69	93	11
69	94	7
69	95	5
69	96	5
69	97	2
69	98	15
69	99	6
69	100	11
69	101	16
69	102	6
69	103	8
69	104	3
69	105	15
69	107	12
69	108	7
69	109	9
69	110	10
70	71	6
70	72	10
70	73	3
70	74	12
70	75	1
70	76	4
70	77	11
70	78	10
70	79	3
70	80	8
70	81	9
70	82	6
70	83	9
70	85	12
70	86	15
70	87	10
70	88	3
70	89	2
70	90	6
70	91	14
70	92	3
70	93	9
70	94	8
70	95	8
70	97	2
70	98	16
70	99	10
70	100	8
70	101	16
70	102	1
70	103	6
70	104	5
70	105	17
70	106	1
70	107	3
70	108	13
70	109	3
70	110	9
71	72	8
71	73	8
71	74	6
71	75	5
71	76	5
71	77	3
71	78	8
71	79	6
71	80	9
71	81	6
71	82	2
71	83	3
71	84	9
71	85	3
71	86	11
71	87	6
71	88	3
71	89	5
71	90	8
71	91	1
71	92	7
71	93	2
71	94	17
71	95	8
71	96	8
71	97	4
71	98	7
71	100	9
71	101	7
71	102	4
71	103	3
71	104	5
71	105	13
71	106	2
71	107	2
71	108	2
71	109	5
71	110	10
72	73	4
72	74	3
72	75	4
72	76	3
72	77	7
72	78	2
72	79	8
72	80	2
72	81	3
72	82	1
72	83	7
72	84	2
72	85	5
72	86	14
72	87	15
72	88	4
72	89	10
72	90	5
72	91	8
72	92	3
72	93	8
72	94	10
72	95	6
72	96	2
72	97	5
72	98	10
72	99	5
72	100	15
72	101	9
72	102	4
72	103	3
72	104	3
72	105	7
72	106	1
72	107	4
72	108	7
72	109	1
72	110	2
73	74	5
73	75	1
73	76	1
73	77	2
73	78	2
73	79	5
73	80	1
73	81	3
73	82	2
73	83	1
73	84	5
73	86	1
73	87	1
73	88	5
73	89	1
73	90	3
73	92	1
73	93	4
73	94	2
73	95	6
73	96	1
73	98	2
73	99	1
73	100	2
73	101	6
73	102	5
73	103	3
73	105	6
73	107	7
73	108	2
74	75	1
74	76	5
74	79	6
74	80	5
74	81	7
74	82	5
74	84	8
74	86	4
74	87	3
74	89	6
74	90	3
74	91	2
74	92	1
74	94	10
74	95	10
74	96	1
74	97	3
74	98	2
74	99	1
74	100	2
74	102	3
74	103	4
74	104	1
74	105	12
74	107	6
74	108	4
74	109	1
74	110	3
75	76	3
75	78	2
75	79	3
75	80	2
75	82	5
75	86	6
75	87	4
75	89	1
75	90	4
75	91	1
75	92	5
75	93	1
75	94	8
75	95	1
75	96	2
75	97	2
75	98	3
75	99	2
75	100	1
75	101	1
75	102	1
75	103	2
75	105	11
75	107	1
75	109	4
75	110	1
76	77	4
76	78	8
76	79	3
76	80	7
76	81	1
76	82	2
76	83	4
76	84	2
76	85	4
76	86	6
76	87	5
76	88	2
76	90	2
76	91	4
76	92	1
76	93	2
76	94	4
76	98	5
76	99	4
76	101	8
76	102	5
76	103	4
76	104	2
76	105	6
76	106	4
76	107	4
76	108	1
76	109	3
76	110	10
77	79	2
77	81	2
77	82	2
77	83	5
77	84	3
77	85	7
77	86	12
77	87	8
77	88	2
77	90	2
77	91	11
77	92	4
77	93	6
77	95	2
77	96	2
77	98	5
77	99	5
77	100	5
77	101	9
77	105	4
77	106	1
77	107	2
77	108	5
77	110	8
78	79	3
78	80	14
78	81	3
78	82	3
78	83	5
78	84	9
78	85	5
78	86	13
78	87	6
78	88	8
78	89	2
78	90	5
78	91	4
78	92	3
78	93	2
78	94	7
78	95	1
78	96	1
78	98	8
78	99	1
78	100	1
78	101	14
78	102	3
78	103	11
78	104	1
78	105	13
78	106	3
78	107	9
78	108	2
78	109	4
78	110	16
79	80	2
79	81	4
79	82	5
79	84	3
79	85	4
79	86	6
79	87	4
79	89	9
79	90	2
79	91	3
79	92	11
79	93	2
79	94	12
79	95	8
79	96	6
79	97	1
79	98	2
79	100	3
79	101	6
79	102	3
79	103	6
79	104	1
79	105	2
79	106	1
79	107	4
79	108	5
79	109	2
79	110	4
80	81	5
80	82	2
80	83	3
80	84	4
80	85	2
80	86	9
80	87	14
80	88	5
80	89	2
80	90	5
80	91	4
80	92	10
80	93	3
80	94	10
80	95	1
80	96	5
80	98	5
80	99	2
80	100	4
80	101	11
80	102	3
80	103	12
80	104	1
80	105	9
80	106	6
80	107	8
80	109	12
80	110	7
81	82	2
81	83	3
81	84	2
81	85	2
81	86	3
81	87	2
81	88	4
81	89	4
81	90	1
81	92	6
81	94	4
81	95	6
81	96	2
81	97	3
81	98	8
81	99	2
81	100	2
81	101	12
81	102	6
81	104	2
81	105	2
81	106	2
81	107	1
81	108	2
81	110	5
82	84	2
82	86	2
82	87	2
82	88	3
82	90	2
82	91	2
82	92	4
82	94	4
82	95	3
82	101	2
82	105	3
82	107	1
82	108	6
83	84	1
83	85	7
83	86	6
83	87	8
83	88	1
83	89	1
83	90	1
83	91	10
83	92	1
83	93	6
83	94	9
83	98	17
83	99	8
83	100	5
83	101	26
83	102	6
83	103	2
83	104	2
83	105	4
83	107	3
83	108	6
83	109	1
83	110	3
84	85	6
84	86	8
84	87	10
84	88	3
84	89	11
84	90	5
84	91	1
84	92	9
84	93	2
84	94	14
84	95	6
84	97	1
84	98	5
84	99	2
84	100	2
84	101	7
84	102	7
84	103	3
84	104	4
84	105	15
84	106	3
84	107	5
84	109	2
84	110	5
85	86	8
85	87	10
85	88	1
85	89	5
85	90	6
85	91	5
85	92	6
85	93	6
85	94	9
85	95	3
85	98	10
85	99	6
85	100	5
85	101	10
85	102	6
85	103	2
85	104	1
85	105	8
85	106	2
85	107	2
85	108	7
85	109	1
85	110	3
86	87	29
86	88	5
86	89	1
86	90	8
86	91	10
86	92	11
86	93	10
86	94	3
86	96	2
86	97	1
86	98	7
86	99	6
86	100	6
86	101	8
86	102	3
86	103	16
86	104	1
86	105	5
86	106	4
86	107	4
86	108	7
86	109	5
86	110	17
87	88	5
87	89	5
87	90	8
87	91	8
87	92	13
87	93	8
87	94	13
87	95	4
87	96	3
87	97	5
87	98	6
87	99	7
87	100	5
87	101	17
87	102	6
87	103	11
87	104	1
87	105	11
87	106	4
87	107	8
87	108	6
87	109	8
87	110	6
88	89	2
88	90	3
88	91	1
88	92	2
88	93	2
88	94	4
88	95	3
88	96	2
88	98	4
88	100	2
88	101	11
88	102	2
88	103	8
88	105	6
88	106	1
88	107	4
88	110	6
89	90	5
89	92	5
89	93	2
89	94	11
89	95	12
89	96	8
89	97	8
89	98	5
89	100	4
89	101	4
89	102	6
89	103	1
89	104	9
89	105	8
89	106	5
89	107	7
89	108	1
89	109	6
90	91	5
90	92	1
90	93	3
90	94	9
90	95	3
90	97	1
90	98	2
90	99	1
90	100	3
90	101	5
90	102	3
90	103	4
90	104	2
90	105	17
90	107	5
90	108	1
90	109	7
90	110	1
91	93	9
91	94	1
91	95	2
91	98	9
91	99	7
91	100	5
91	101	14
91	102	1
91	103	3
91	105	10
91	108	5
91	109	1
91	110	5
92	94	16
92	95	5
92	96	14
92	98	3
92	99	1
92	100	3
92	101	8
92	102	7
92	103	4
92	104	2
92	105	6
92	106	9
92	107	3
92	108	2
92	109	4
92	110	9
93	94	1
93	95	3
93	98	11
93	99	8
93	100	9
93	101	7
93	102	3
93	103	6
93	105	14
93	106	1
93	107	3
93	108	6
93	109	1
94	95	19
94	96	5
94	97	7
94	98	16
94	99	2
94	100	6
94	101	23
94	102	11
94	103	4
94	104	7
94	105	22
94	106	4
94	107	19
94	108	4
94	109	5
94	110	7
95	96	1
95	97	2
95	98	6
95	99	2
95	100	3
95	101	6
95	102	4
95	104	4
95	105	8
95	106	5
95	107	10
95	108	3
95	109	1
96	98	2
96	100	1
96	101	2
96	104	1
96	105	3
96	106	5
96	107	2
96	109	1
97	98	4
97	100	2
97	104	7
97	105	3
97	108	1
97	109	1
98	99	13
98	100	11
98	101	23
98	102	3
98	103	2
98	104	12
98	105	16
98	106	3
98	107	4
98	108	9
98	109	1
98	110	2
99	100	7
99	101	10
99	105	6
99	106	1
99	108	5
100	101	8
100	102	3
100	103	2
100	104	3
100	105	5
100	106	3
100	107	2
100	108	6
100	109	1
100	110	1
101	102	15
101	103	4
101	104	4
101	105	6
101	106	6
101	107	15
101	108	7
101	109	3
101	110	10
102	103	1
102	104	2
102	105	7
102	106	2
102	107	6
103	105	6
103	106	1
103	107	4
103	108	4
103	109	7
103	110	14
104	105	3
104	106	4
104	107	6
104	108	2
104	109	3
104	110	2
105	106	5
105	107	7
105	108	3
105	109	7
105	110	5
106	107	1
106	108	1
106	109	4
107	108	2
107	109	6
107	110	4
108	109	1
109	110	6
