1	2	7
1	3	9
1	4	4
1	5	14
1	6	4
1	7	4
1	8	6
1	9	16
1	10	3
1	11	10
1	12	5
1	13	3
1	14	2
1	15	13
1	16	10
1	17	5
1	18	11
1	19	4
1	20	8
1	21	4
1	22	8
1	23	2
1	24	13
1	25	26
1	26	8
1	27	1
1	28	10
1	29	8
1	30	13
1	31	18
1	32	9
1	33	7
1	34	3
1	35	10
1	36	12
1	37	7
1	38	7
1	39	11
1	40	7
1	42	23
1	43	13
1	44	4
1	45	4
1	46	12
1	47	9
1	48	17
1	49	14
1	50	15
1	51	6
1	52	7
1	53	11
1	54	13
1	55	6
1	56	6
1	57	5
1	58	8
1	60	10
1	61	5
1	62	7
1	63	16
1	64	6
1	65	9
1	66	2
1	67	11
1	68	11
1	69	6
1	70	8
1	71	10
1	72	6
1	73	9
1	74	8
1	75	3
1	76	6
1	77	5
1	78	16
1	79	2
1	80	13
1	81	3
1	82	5
1	83	5
1	84	5
1	85	3
1	86	31
1	87	21
1	88	6
1	89	9
1	90	15
1	91	4
1	92	10
1	93	14
1	94	10
1	95	12
2	3	3
2	4	3
2	6	4
2	8	6
2	9	5
2	10	5
2	11	13
2	12	3
2	13	3
2	14	4
2	15	1
2	16	10
2	17	5
2	19	5
2	21	4
2	22	7
2	23	2
2	25	6
2	28	10
2	29	2
2	30	6
2	31	2
2	32	3
2	33	5
2	34	2
2	35	6
2	36	4
2	37	3
2	39	15
2	40	2
2	42	15
2	43	2
2	44	1
2	45	2
2	46	6
2	47	7
2	48	5
2	49	9
2	50	6
2	51	8
2	52	4
2	53	4
2	55	6
2	56	2
2	57	3
2	58	2
2	59	5
2	60	4
2	61	2
2	62	10
2	63	7
2	64	2
2	66	8
2	67	7
2	68	3
2	70	1
2	71	5
2	72	5
2	73	2
2	74	6
2	75	1
2	76	4
2	77	9
2	78	6
2	79	4
2	80	5
2	81	2
2	82	5
2	83	3
2	84	4
2	86	4
2	87	4
2	89	2
2	90	5
2	91	1
2	92	8
2	93	4
2	94	2
2	95	2
3	5	7
3	6	8
3	7	17
3	8	9
3	9	7
3	10	5
3	11	10
3	13	13
3	14	3
3	15	8
3	16	17
3	17	4
3	18	8
3	19	2
3	20	11
3	22	3
3	23	6
3	24	5
3	25	9
3	26	2
3	27	7
3	28	25
3	29	5
3	30	4
3	31	9
3	32	6
3	33	1
3	34	8
3	35	4
3	36	5
3	37	2
3	38	8
3	39	14
3	40	4
3	41	9
3	42	16
3	43	7
3	44	3
3	45	12
3	46	8
3	47	1
3	48	5
3	49	16
3	50	28
3	51	21
3	53	5
3	54	9
3	55	4
3	56	8
3	57	2
3	58	6
3	59	4
3	60	5
3	61	2
3	62	11
3	63	7
3	64	11
3	65	9
3	66	17
3	67	11
3	68	9
3	69	2
3	70	6
3	71	16
3	72	4
3	73	1
3	74	11
3	75	10
3	76	5
3	77	4
3	78	9
3	79	6
3	80	18
3	81	17
3	82	15
3	83	11
3	84	3
3	85	10
3	86	33
3	87	7
3	89	7
3	90	8
3	91	1
3	92	37
3	93	4
3	94	15
3	95	1
4	5	6
4	6	1
4	7	3
4	8	1
4	9	11
4	10	7
4	11	7
4	13	1
4	15	3
4	17	4
4	18	7
4	20	1
4	21	3
4	22	1
4	23	1
4	24	3
4	25	5
4	26	3
4	28	5
4	29	5
4	31	4
4	32	7
4	35	6
4	36	2
4	37	6
4	39	6
4	40	1
4	42	21
4	43	5
4	44	2
4	45	1
4	46	7
4	48	7
4	49	10
4	50	3
4	51	1
4	52	3
4	53	4
4	54	2
4	56	6
4	57	1
4	58	6
4	59	2
4	60	6
4	61	5
4	62	1
4	63	4
4	65	4
4	67	9
4	68	1
4	69	3
4	70	4
4	71	5
4	72	2
4	73	3
4	74	8
4	75	2
4	77	4
4	79	4
4	80	8
4	82	3
4	83	5
4	84	4
4	85	2
4	86	18
4	87	10
4	88	1
4	89	3
4	90	3
4	91	4
4	92	2
4	93	4
4	95	6
5	6	4
5	8	2
5	9	10
5	10	3
5	11	4
5	13	2
5	14	3
5	15	7
5	16	2
5	17	5
5	18	7
5	19	1
5	20	4
5	21	1
5	22	5
5	23	1
5	24	4
5	25	11
5	26	8
5	27	4
5	28	12
5	29	4
5	30	8
5	31	8
5	33	2
5	34	3
5	35	5
5	36	8
5	37	8
5	38	3
5	39	9
5	40	5
5	42	12
5	43	2
5	44	2
5	45	3
5	46	7
5	47	2
5	48	13
5	49	7
5	50	8
5	51	1
5	52	6
5	53	12
5	54	10
5	56	2
5	57	2
5	59	2
5	60	5
5	61	5
5	62	2
5	63	1
5	65	5
5	66	6
5	67	4
5	68	12
5	70	6
5	71	7
5	72	4
5	73	6
5	74	2
5	75	4
5	76	7
5	78	5
5	80	7
5	81	3
5	82	1
5	83	1
5	84	2
5	86	26
5	87	21
5	88	3
5	89	10
5	90	3
5	91	7
5	92	10
5	93	14
5	94	6
6	7	12
6	8	5
6	9	10
6	11	3
6	12	4
6	13	10
6	14	9
6	15	6
6	16	12
6	17	3
6	18	8
6	19	3
6	20	5
6	21	2
6	22	2
6	23	2
6	24	6
6	25	12
6	26	9
6	27	3
6	28	6
6	29	2
6	30	3
6	31	5
6	32	8
6	33	9
6	35	12
6	36	4
6	37	9
6	38	8
6	39	17
6	40	7
6	41	2
6	42	21
6	43	2
6	44	2
6	45	10
6	46	17
6	48	16
6	49	9
6	50	32
6	51	25
6	52	8
6	53	19
6	54	17
6	55	9
6	56	16
6	57	10
6	58	2
6	60	3
6	61	5
6	62	2
6	63	2
6	64	6
6	65	5
6	66	5
6	67	1
6	68	16
6	70	3
6	71	6
6	72	9
6	73	2
6	74	3
6	76	7
6	77	9
6	78	12
6	79	2
6	80	7
6	81	12
6	82	11
6	83	4
6	84	14
6	85	7
6	86	39
6	87	33
6	88	1
6	90	1
6	91	3
6	92	34
6	93	8
6	94	3
6	95	2
7	8	4
7	9	18
7	10	3
7	11	12
7	12	9
7	13	5
7	14	2
7	15	2
7	16	13
7	17	6
7	18	9
7	19	4
7	20	10
7	22	9
7	23	14
7	25	1
7	26	4
7	27	3
7	28	16
7	29	8
7	30	3
7	31	1
7	32	10
7	33	3
7	34	3
7	35	3
7	36	10
7	37	3
7	38	18
7	39	5
7	40	8
7	41	9
7	42	7
7	43	6
7	44	2
7	45	11
7	46	9
7	48	8
7	49	3
7	50	25
7	51	16
7	52	2
7	53	2
7	54	1
7	55	7
7	56	8
7	57	6
7	58	3
7	60	3
7	62	7
7	63	6
7	64	8
7	65	8
7	66	12
7	67	13
7	68	4
7	69	1
7	71	5
7	72	8
7	73	2
7	74	1
7	75	5
7	76	7
7	77	10
7	78	15
7	79	2
7	80	5
7	81	21
7	82	8
7	83	8
7	84	1
7	85	10
7	86	24
7	87	6
7	88	3
7	89	2
7	90	1
7	91	4
7	92	29
7	93	4
7	94	3
7	95	2
8	9	11
8	11	9
8	12	6
8	13	5
8	15	5
8	16	5
8	17	8
8	18	4
8	19	2
8	20	6
8	21	3
8	22	17
8	23	3
8	24	2
8	25	4
8	26	7
8	28	18
8	30	4
8	31	6
8	32	10
8	33	8
8	34	2
8	36	1
8	37	3
8	38	7
8	39	14
8	40	3
8	41	5
8	42	5
8	43	5
8	44	3
8	45	5
8	46	7
8	48	9
8	49	8
8	50	12
8	51	6
8	52	4
8	53	5
8	54	5
8	55	2
8	56	8
8	57	7
8	58	5
8	60	2
8	61	3
8	62	7
8	63	15
8	64	2
8	65	4
8	66	10
8	67	7
8	68	8
8	69	11
8	70	8
8	71	3
8	72	9
8	74	8
8	75	5
8	76	7
8	77	2
8	78	8
8	79	3
8	80	10
8	81	3
8	82	6
8	83	7
8	84	2
8	85	3
8	86	18
8	87	8
8	88	3
8	90	7
8	91	4
8	92	10
8	93	7
8	94	3
8	95	6
9	10	10
9	11	5
9	12	5
9	13	10
9	14	3
9	15	13
9	16	8
9	17	17
9	18	19
9	19	7
9	20	19
9	21	10
9	22	17
9	23	10
9	24	18
9	25	29
9	26	15
9	28	25
9	29	10
9	30	12
9	31	20
9	32	5
9	33	15
9	34	15
9	35	25
9	36	31
9	37	15
9	38	1
9	39	19
9	40	1
9	41	5
9	42	32
9	43	12
9	44	2
9	45	10
9	46	21
9	47	5
9	48	23
9	49	16
9	50	24
9	51	19
9	52	14
9	53	24
9	54	24
9	55	4
9	56	12
9	57	8
9	58	7
9	59	12
9	60	15
9	61	11
9	62	5
9	63	8
9	64	3
9	65	21
9	66	19
9	67	16
9	68	19
9	69	10
9	70	6
9	71	9
9	72	19
9	73	8
9	74	10
9	75	7
9	76	24
9	77	8
9	78	16
9	79	17
9	80	20
9	81	17
9	82	10
9	83	6
9	84	18
9	85	6
9	86	55
9	87	22
9	88	7
9	89	11
9	90	10
9	91	14
9	92	27
9	93	21
9	94	9
9	95	15
10	11	8
10	12	5
10	13	5
10	14	7
10	15	3
10	16	7
10	17	5
10	18	7
10	20	8
10	21	7
10	22	2
10	23	2
10	25	8
10	26	8
10	28	9
10	29	1
10	30	6
10	31	8
10	32	3
10	33	2
10	34	11
10	35	2
10	36	10
10	37	3
10	38	2
10	39	12
10	40	3
10	41	1
10	42	10
10	43	10
10	45	2
10	46	4
10	47	2
10	48	9
10	49	7
10	50	4
10	51	1
10	52	1
10	53	9
10	54	4
10	55	1
10	56	7
10	58	3
10	60	8
10	61	3
10	62	6
10	63	8
10	64	8
10	65	4
10	66	6
10	67	10
10	68	9
10	69	1
10	70	1
10	71	1
10	72	6
10	74	4
10	75	10
10	76	3
10	77	9
10	78	5
10	79	2
10	80	3
10	81	1
10	82	3
10	83	2
10	84	6
10	85	2
10	86	20
10	87	6
10	88	3
10	89	3
10	90	12
10	91	1
10	92	5
10	93	4
10	94	3
10	95	4
11	12	20
11	13	14
11	14	3
11	15	7
11	16	14
11	17	1
11	18	2
11	19	1
11	20	6
11	21	4
11	22	7
11	23	9
11	24	5
11	25	1
11	26	2
11	27	1
11	28	16
11	30	7
11	31	16
11	32	14
11	33	5
11	34	10
11	35	5
11	36	14
11	38	12
11	39	54
11	40	3
11	41	2
11	42	15
11	43	12
11	44	1
11	45	5
11	46	6
11	47	10
11	48	13
11	49	25
11	50	11
11	51	11
11	52	5
11	53	13
11	54	4
11	55	7
11	56	25
11	57	5
11	58	5
11	59	7
11	60	8
11	61	6
11	62	10
11	63	29
11	64	14
11	66	6
11	67	16
11	68	12
11	69	8
11	70	2
11	71	5
11	72	17
11	73	10
11	74	8
11	75	5
11	76	8
11	77	35
11	78	15
11	79	11
11	81	6
11	82	9
11	83	3
11	84	13
11	85	6
11	86	20
11	87	8
11	88	2
11	89	1
11	90	25
11	91	2
11	92	16
11	93	5
11	94	10
11	95	15
12	13	4
12	14	6
12	16	6
12	19	3
12	20	6
12	21	3
12	23	8
12	24	4
12	27	3
12	28	2
12	29	2
12	30	2
12	31	6
12	32	13
12	33	5
12	34	2
12	35	2
12	36	5
12	38	11
12	39	21
12	42	4
12	43	10
12	46	5
12	47	2
12	48	2
12	49	11
12	50	8
12	51	4
12	54	2
12	55	1
12	56	10
12	59	3
12	60	5
12	61	2
12	62	4
12	63	14
12	64	9
12	66	6
12	67	7
12	68	8
12	69	5
12	70	3
12	71	3
12	72	13
12	75	1
12	76	7
12	77	13
12	78	10
12	79	11
12	81	2
12	82	3
12	83	4
12	84	2
12	86	3
12	87	3
12	90	10
12	92	8
12	93	1
12	95	7
13	14	2
13	15	5
13	16	8
13	17	3
13	18	8
13	19	4
13	20	9
13	21	3
13	22	4
13	23	4
13	25	8
13	26	3
13	28	11
13	29	3
13	30	2
13	31	3
13	32	5
13	33	6
13	34	4
13	35	3
13	36	8
13	37	4
13	38	7
13	39	20
13	40	7
13	41	12
13	42	10
13	43	5
13	44	2
13	45	15
13	46	6
13	47	3
13	48	11
13	49	21
13	50	24
13	51	27
13	52	2
13	53	4
13	54	9
13	55	5
13	56	22
13	57	3
13	58	3
13	59	6
13	60	5
13	61	3
13	62	4
13	63	9
13	64	8
13	65	7
13	66	5
13	67	14
13	68	6
13	69	5
13	70	2
13	71	12
13	72	11
13	73	4
13	74	7
13	75	6
13	76	12
13	77	5
13	78	5
13	79	4
13	80	3
13	81	13
13	82	10
13	83	9
13	84	5
13	85	9
13	86	23
13	87	7
13	88	1
13	89	4
13	90	4
13	92	31
13	93	5
13	94	6
13	95	5
14	15	2
14	16	4
14	17	1
14	19	1
14	20	1
14	22	2
14	23	4
14	24	3
14	25	7
14	26	5
14	27	4
14	28	8
14	30	5
14	31	5
14	32	4
14	33	3
14	34	1
14	36	5
14	37	1
14	39	7
14	40	3
14	42	5
14	43	4
14	45	2
14	46	4
14	47	1
14	48	2
14	49	5
14	50	7
14	51	1
14	53	4
14	54	2
14	55	2
14	56	2
14	57	1
14	59	2
14	60	5
14	62	4
14	63	7
14	64	6
14	66	6
14	67	3
14	68	4
14	69	3
14	70	1
14	71	2
14	72	7
14	74	3
14	75	2
14	76	1
14	77	10
14	78	4
14	80	2
14	81	1
14	82	4
14	83	3
14	84	6
14	85	1
14	86	8
14	87	5
14	88	1
14	89	1
14	90	7
14	91	3
14	92	4
14	93	5
14	94	2
14	95	5
15	16	3
15	17	5
15	18	8
15	19	4
15	20	3
15	22	1
15	23	2
15	24	5
15	25	11
15	26	6
15	27	5
15	28	11
15	29	4
15	30	6
15	31	10
15	32	6
15	33	7
15	34	6
15	35	7
15	36	9
15	37	4
15	39	6
15	40	8
15	41	3
15	42	14
15	43	1
15	44	5
15	45	4
15	46	14
15	47	9
15	48	12
15	49	7
15	50	9
15	51	6
15	52	10
15	53	6
15	54	14
15	55	1
15	56	7
15	57	3
15	60	10
15	61	2
15	62	5
15	63	5
15	64	4
15	65	6
15	66	11
15	67	8
15	68	5
15	69	4
15	70	7
15	71	10
15	72	13
15	73	11
15	74	11
15	75	2
15	76	10
15	77	5
15	78	1
15	79	7
15	80	10
15	81	4
15	82	5
15	83	6
15	84	4
15	85	1
15	86	26
15	87	22
15	88	2
15	89	10
15	90	3
15	91	5
15	92	11
15	93	12
15	94	2
15	95	4
16	18	8
16	19	3
16	20	6
16	21	3
16	22	5
16	23	14
16	24	1
16	25	5
16	26	3
16	27	8
16	28	14
16	29	8
16	30	9
16	31	6
16	32	11
16	33	3
16	34	6
16	35	4
16	36	6
16	38	7
16	39	10
16	40	5
16	41	2
16	42	11
16	43	8
16	45	7
16	46	3
16	47	5
16	48	11
16	49	12
16	50	13
16	51	17
16	52	6
16	53	2
16	54	8
16	55	10
16	56	5
16	57	1
16	58	3
16	60	5
16	61	7
16	62	11
16	63	13
16	64	14
16	66	14
16	67	18
16	68	12
16	69	5
16	70	4
16	71	4
16	72	3
16	73	1
16	74	14
16	75	10
16	76	8
16	77	13
16	78	13
16	79	4
16	80	6
16	81	8
16	82	14
16	83	18
16	84	6
16	85	10
16	86	26
16	87	13
16	88	1
16	89	1
16	90	13
16	91	5
16	92	19
16	94	3
16	95	2
17	18	4
17	20	5
17	21	2
17	22	8
17	24	9
17	25	11
17	26	5
17	27	2
17	28	11
17	29	9
17	30	7
17	31	2
17	33	4
17	34	3
17	35	4
17	36	10
17	37	17
17	39	12
17	40	1
17	42	22
17	43	6
17	44	14
17	45	1
17	46	20
17	47	2
17	48	11
17	49	3
17	50	16
17	51	7
17	52	14
17	53	12
17	54	8
17	55	1
17	56	7
17	57	3
17	58	4
17	59	3
17	60	6
17	61	2
17	62	9
17	64	1
17	65	2
17	66	8
17	67	7
17	68	7
17	69	3
17	71	1
17	72	7
17	73	6
17	74	1
17	76	7
17	77	4
17	78	7
17	79	4
17	80	12
17	81	9
17	82	4
17	84	7
17	85	4
17	86	34
17	87	13
17	88	2
17	89	7
17	90	2
17	91	5
17	92	12
17	93	11
17	94	6
18	21	5
18	22	3
18	23	8
18	24	8
18	25	15
18	26	8
18	27	3
18	28	5
18	29	12
18	30	9
18	31	7
18	32	8
18	33	7
18	34	7
18	35	9
18	36	1
18	37	3
18	38	11
18	39	4
18	40	8
18	42	22
18	43	7
18	44	7
18	46	5
18	47	2
18	48	3
18	49	4
18	50	7
18	51	8
18	52	4
18	53	10
18	54	6
18	55	10
18	56	8
18	57	2
18	58	3
18	59	1
18	60	1
18	61	5
18	62	5
18	63	7
18	64	5
18	65	43
18	66	10
18	67	15
18	68	7
18	69	3
18	70	2
18	71	5
18	72	4
18	73	5
18	74	6
18	75	16
18	76	1
18	77	7
18	78	9
18	79	6
18	80	11
18	81	4
18	82	3
18	83	8
18	85	8
18	86	26
18	87	12
18	88	5
18	89	7
18	91	10
18	92	5
18	93	7
18	95	8
19	20	3
19	22	5
19	24	5
19	25	6
19	28	8
19	29	5
19	30	6
19	31	2
19	33	3
19	34	1
19	35	6
19	36	7
19	38	3
19	39	5
19	40	5
19	41	4
19	42	13
19	43	7
19	45	5
19	46	9
19	47	6
19	48	8
19	49	3
19	50	12
19	51	11
19	52	7
19	53	4
19	54	7
19	55	7
19	56	8
19	57	2
19	58	4
19	59	4
19	60	4
19	61	3
19	62	5
19	63	4
19	64	1
19	65	1
19	66	2
19	67	7
19	68	3
19	70	3
19	71	3
19	72	3
19	74	13
19	75	1
19	76	7
19	77	1
19	79	2
19	80	6
19	81	6
19	82	6
19	84	3
19	85	3
19	86	16
19	87	7
19	89	3
19	91	3
19	92	8
19	93	5
19	94	4
19	95	3
20	21	2
20	22	7
20	23	12
20	25	3
20	26	3
20	27	2
20	28	20
20	29	7
20	30	4
20	31	14
20	32	5
20	33	3
20	34	7
20	35	9
20	36	9
20	38	6
20	39	9
20	41	2
20	42	3
20	43	8
20	45	3
20	46	8
20	48	10
20	49	16
20	50	18
20	51	17
20	53	9
20	54	3
20	55	1
20	56	11
20	57	8
20	59	5
20	60	3
20	61	6
20	62	6
20	63	9
20	64	6
20	66	11
20	68	1
20	69	3
20	70	4
20	71	2
20	72	7
20	73	1
20	74	3
20	76	10
20	77	4
20	78	7
20	79	6
20	80	4
20	81	6
20	82	11
20	83	5
20	84	6
20	85	7
20	86	24
20	87	7
20	89	5
20	90	7
20	91	2
20	92	20
20	93	10
20	94	3
20	95	3
21	22	4
21	23	2
21	24	6
21	25	5
21	26	3
21	27	3
21	28	2
21	30	7
21	31	4
21	32	5
21	33	3
21	34	2
21	35	1
21	36	3
21	37	1
21	39	9
21	42	11
21	44	1
21	46	1
21	48	4
21	49	4
21	50	5
21	51	5
21	52	5
21	53	3
21	54	2
21	55	1
21	56	4
21	57	2
21	58	3
21	59	1
21	60	4
21	61	3
21	62	2
21	63	5
21	65	5
21	66	5
21	67	8
21	68	9
21	69	1
21	71	7
21	72	2
21	73	2
21	74	1
21	75	1
21	76	2
21	77	4
21	78	2
21	80	2
21	81	1
21	83	2
21	84	3
21	86	11
21	87	3
21	88	6
21	92	2
21	93	3
21	94	1
21	95	6
22	23	2
22	24	2
22	25	13
22	26	2
22	28	7
22	29	2
22	30	8
22	31	3
22	32	6
22	33	2
22	35	2
22	36	9
22	37	8
22	38	2
22	39	11
22	40	6
22	41	2
22	42	7
22	43	1
22	44	3
22	45	4
22	46	9
22	48	10
22	49	6
22	50	11
22	51	11
22	52	7
22	53	4
22	54	5
22	55	2
22	56	8
22	57	9
22	58	5
22	59	5
22	60	1
22	61	6
22	62	2
22	63	8
22	65	3
22	66	8
22	67	2
22	68	7
22	69	2
22	70	1
22	71	3
22	72	8
22	73	3
22	74	4
22	75	1
22	76	7
22	77	4
22	78	10
22	80	10
22	81	7
22	82	8
22	84	4
22	85	2
22	86	17
22	87	9
22	88	1
22	89	4
22	90	3
22	91	4
22	92	10
22	93	8
22	94	7
22	95	4
23	24	3
23	25	1
23	26	3
23	27	3
23	28	24
23	29	10
23	30	4
23	31	16
23	32	12
23	33	2
23	34	4
23	35	4
23	36	8
23	37	2
23	38	11
23	39	12
23	40	6
23	41	1
23	42	1
23	43	8
23	45	4
23	46	9
23	49	13
23	50	12
23	51	5
23	53	3
23	54	4
23	55	5
23	56	15
23	57	1
23	58	3
23	59	3
23	60	1
23	62	7
23	63	14
23	64	9
23	65	3
23	66	20
23	67	19
23	68	8
23	69	10
23	70	2
23	71	6
23	72	5
23	74	5
23	75	5
23	76	8
23	77	15
23	78	12
23	79	3
23	80	6
23	81	4
23	82	6
23	83	22
23	84	3
23	85	7
23	86	19
23	87	2
23	88	2
23	89	6
23	90	5
23	91	2
23	92	15
23	93	1
23	94	3
23	95	10
24	25	27
24	26	13
24	27	3
24	28	9
24	29	3
24	30	9
24	31	7
24	32	2
24	33	3
24	34	3
24	35	3
24	36	11
24	37	3
24	38	2
24	39	4
24	41	3
24	42	15
24	43	10
24	44	1
24	45	3
24	46	5
24	47	5
24	48	4
24	49	5
24	50	15
24	51	8
24	52	8
24	53	6
24	54	10
24	55	2
24	56	6
24	57	1
24	59	1
24	60	8
24	61	7
24	62	7
24	63	3
24	64	5
24	65	10
24	66	10
24	67	9
24	68	5
24	69	11
24	70	9
24	71	9
24	72	4
24	74	9
24	75	1
24	76	6
24	77	2
24	78	4
24	79	8
24	80	17
24	81	4
24	83	3
24	84	9
24	85	6
24	86	26
24	87	9
24	88	2
24	89	5
24	90	2
24	91	7
24	92	11
24	93	16
24	94	4
24	95	5
25	26	14
25	27	2
25	28	14
25	29	6
25	30	9
25	31	12
25	32	1
25	33	6
25	34	9
25	35	13
25	36	22
25	37	15
25	38	4
25	39	12
25	40	3
25	41	1
25	42	34
25	43	9
25	44	2
25	45	1
25	46	13
25	47	8
25	48	19
25	49	6
25	50	21
25	51	13
25	52	6
25	53	13
25	54	13
25	55	5
25	56	15
25	57	1
25	58	6
25	59	10
25	60	14
25	61	1
25	62	13
25	63	1
25	64	4
25	65	15
25	66	13
25	67	18
25	68	12
25	69	7
25	70	16
25	71	10
25	72	10
25	73	9
25	74	8
25	75	7
25	76	3
25	77	14
25	78	9
25	79	6
25	80	28
25	81	7
25	82	7
25	83	4
25	84	7
25	85	5
25	86	45
25	87	28
25	88	3
25	89	14
25	90	3
25	91	9
25	92	17
25	93	24
25	94	1
25	95	8
26	28	5
26	29	1
26	30	1
26	31	14
26	33	1
26	34	5
26	35	3
26	36	6
26	37	6
26	38	3
26	39	11
26	40	1
26	41	1
26	42	10
26	43	4
26	44	6
26	45	1
26	46	16
26	47	2
26	48	17
26	49	7
26	50	11
26	51	1
26	52	9
26	53	12
26	54	16
26	55	2
26	56	1
26	60	9
26	61	3
26	62	2
26	65	9
26	66	8
26	67	1
26	68	17
26	69	7
26	70	4
26	71	1
26	72	1
26	73	4
26	74	1
26	76	6
26	78	6
26	79	5
26	80	5
26	81	7
26	82	2
26	84	15
26	86	48
26	87	20
26	88	20
26	89	7
26	90	4
26	91	4
26	92	10
26	93	8
26	94	6
26	95	1
27	28	14
27	29	1
27	30	11
27	31	5
27	33	4
27	36	3
27	37	3
27	39	7
27	40	1
27	42	4
27	46	3
27	47	5
27	49	3
27	50	5
27	51	4
27	52	1
27	53	1
27	55	4
27	56	4
27	60	2
27	62	4
27	64	5
27	67	5
27	68	3
27	69	3
27	70	4
27	71	7
27	72	2
27	73	1
27	77	5
27	80	1
27	81	4
27	82	5
27	83	5
27	84	1
27	85	3
27	86	9
27	87	3
27	88	1
27	89	3
27	90	3
27	92	5
27	93	3
27	94	1
28	29	14
28	30	15
28	31	22
28	32	14
28	33	4
28	34	9
28	35	10
28	36	20
28	37	6
28	38	16
28	39	18
28	40	12
28	41	19
28	42	18
28	43	27
28	44	3
28	45	14
28	46	11
28	47	7
28	48	20
28	49	23
28	50	25
28	51	27
28	52	3
28	53	8
28	54	9
28	55	17
28	56	27
28	57	14
28	58	15
28	59	4
28	60	14
28	62	20
28	63	17
28	64	24
28	65	2
28	66	22
28	67	31
28	68	12
28	69	9
28	70	10
28	71	24
28	72	30
28	73	4
28	74	8
28	75	11
28	76	19
28	77	14
28	78	26
28	79	14
28	80	17
28	81	13
28	82	16
28	83	17
28	84	9
28	85	12
28	86	35
28	87	9
28	89	8
28	90	12
28	91	3
28	92	31
28	93	18
28	94	13
28	95	9
29	30	4
29	31	7
29	32	7
29	33	7
29	34	3
29	35	8
29	36	13
29	37	3
29	38	9
29	39	4
29	40	10
29	41	3
29	42	11
29	43	9
29	44	2
29	45	1
29	46	9
29	47	1
29	48	2
29	49	5
29	50	14
29	51	14
29	53	7
29	54	2
29	55	10
29	56	2
29	58	6
29	60	2
29	61	4
29	62	12
29	63	7
29	64	8
29	65	7
29	66	11
29	67	13
29	68	3
29	69	6
29	70	2
29	71	3
29	72	2
29	73	1
29	74	7
29	75	7
29	76	5
29	77	7
29	78	5
29	79	7
29	80	7
29	81	2
29	83	9
29	84	3
29	85	11
29	86	24
29	87	9
29	89	11
29	90	2
29	91	6
29	92	8
29	93	9
29	94	3
29	95	4
30	31	13
30	32	2
30	33	2
30	34	4
30	36	13
30	37	6
30	39	7
30	40	2
30	42	23
30	43	5
30	45	1
30	46	5
30	47	5
30	48	22
30	49	16
30	50	5
30	51	1
30	53	7
30	55	11
30	56	5
30	57	3
30	58	3
30	59	4
30	60	6
30	61	3
30	62	10
30	63	6
30	64	3
30	65	7
30	66	9
30	67	13
30	68	12
30	69	6
30	70	14
30	71	13
30	72	4
30	73	7
30	74	1
30	75	3
30	76	3
30	77	9
30	78	5
30	80	6
30	81	8
30	82	6
30	83	4
30	84	2
30	85	1
30	86	16
30	87	11
30	88	1
30	89	9
30	90	2
30	91	2
30	92	2
30	93	8
30	94	6
30	95	4
31	32	7
31	33	5
31	34	3
31	35	2
31	36	20
31	37	9
31	39	11
31	40	7
31	41	3
31	42	18
31	43	19
31	44	1
31	45	3
31	46	3
31	47	12
31	48	17
31	49	30
31	50	4
31	51	6
31	52	2
31	53	9
31	54	5
31	55	2
31	56	2
31	57	1
31	60	10
31	61	5
31	62	4
31	63	24
31	64	16
31	65	5
31	66	18
31	67	24
31	68	9
31	69	9
31	70	8
31	71	12
31	72	11
31	73	5
31	74	8
31	75	3
31	76	4
31	77	14
31	78	13
31	79	13
31	80	10
31	81	6
31	82	6
31	83	4
31	84	9
31	85	3
31	86	28
31	87	14
31	88	4
31	89	9
31	90	17
31	91	4
31	92	8
31	93	12
31	94	4
31	95	12
32	35	6
32	37	2
32	38	9
32	39	13
32	40	13
32	41	2
32	42	10
32	43	9
32	45	2
32	46	5
32	47	2
32	48	7
32	49	7
32	50	14
32	51	11
32	52	3
32	53	2
32	54	2
32	55	7
32	56	13
32	57	1
32	58	4
32	60	8
32	61	4
32	62	12
32	63	27
32	64	11
32	65	1
32	66	11
32	67	12
32	68	7
32	69	5
32	70	1
32	71	8
32	72	10
32	74	5
32	75	9
32	76	8
32	77	16
32	78	14
32	79	8
32	80	3
32	81	7
32	82	6
32	83	15
32	84	3
32	85	8
32	86	19
32	87	5
32	89	2
32	90	9
32	91	2
32	92	16
32	93	3
32	94	2
32	95	18
33	34	2
33	35	13
33	36	11
33	37	4
33	38	6
33	39	18
33	40	3
33	42	13
33	43	3
33	45	1
33	46	24
33	47	3
33	48	8
33	49	12
33	50	12
33	51	7
33	53	7
33	54	4
33	55	4
33	56	9
33	57	2
33	58	6
33	60	1
33	62	1
33	63	4
33	64	2
33	65	7
33	66	2
33	67	7
33	68	3
33	71	8
33	72	4
33	73	3
33	74	3
33	76	13
33	77	7
33	78	7
33	79	2
33	80	9
33	81	3
33	83	2
33	84	8
33	85	3
33	86	14
33	87	8
33	88	2
33	89	2
33	90	3
33	91	6
33	92	7
33	93	3
33	95	5
34	35	5
34	36	5
34	38	3
34	39	10
34	42	6
34	43	5
34	46	2
34	47	3
34	48	7
34	49	7
34	50	1
34	51	3
34	53	6
34	55	1
34	56	8
34	58	6
34	60	3
34	61	3
34	62	4
34	63	5
34	64	2
34	65	8
34	66	3
34	67	6
34	68	1
34	69	3
34	70	3
34	71	4
34	72	5
34	73	7
34	74	6
34	75	7
34	76	3
34	77	8
34	78	5
34	79	2
34	80	5
34	82	1
34	83	1
34	84	5
34	86	11
34	87	7
34	88	1
34	89	3
34	90	2
34	91	2
34	92	1
34	93	2
34	95	2
35	36	10
35	37	6
35	39	9
35	40	8
35	41	2
35	42	17
35	43	2
35	45	5
35	46	9
35	47	5
35	48	11
35	49	1
35	50	12
35	51	13
35	52	12
35	53	12
35	54	17
35	56	15
35	57	4
35	58	3
35	59	3
35	60	3
35	61	2
35	62	3
35	63	2
35	64	5
35	65	6
35	67	6
35	68	2
35	69	2
35	70	2
35	71	1
35	72	9
35	73	3
35	74	5
35	75	4
35	76	16
35	77	8
35	78	16
35	79	2
35	80	9
35	81	3
35	82	4
35	84	11
35	85	6
35	86	26
35	87	11
35	89	12
35	90	5
35	91	5
35	92	15
35	93	2
36	37	21
36	38	8
36	39	22
36	40	1
36	41	2
36	42	25
36	43	7
36	44	2
36	45	7
36	46	17
36	47	8
36	48	35
36	49	11
36	50	9
36	51	13
36	52	12
36	53	16
36	54	12
36	55	3
36	56	4
36	57	6
36	59	11
36	60	12
36	61	3
36	62	2
36	63	12
36	64	6
36	65	5
36	66	9
36	67	14
36	68	10
36	69	16
36	70	6
36	71	5
36	72	13
36	73	17
36	74	1
36	75	3
36	76	14
36	77	16
36	78	7
36	79	6
36	80	10
36	81	11
36	82	10
36	83	5
36	84	16
36	85	2
36	86	41
36	87	23
36	88	4
36	89	13
36	90	13
36	91	8
36	92	11
36	93	16
36	94	5
36	95	12
37	39	5
37	40	3
37	42	15
37	43	1
37	44	9
37	46	11
37	48	18
37	49	5
37	50	9
37	51	6
37	52	13
37	53	12
37	54	10
37	55	3
37	56	2
37	57	2
37	59	2
37	61	3
37	62	3
37	64	3
37	65	4
37	66	3
37	67	2
37	68	11
37	69	2
37	71	6
37	72	6
37	73	7
37	75	5
37	76	7
37	77	6
37	78	7
37	79	1
37	80	8
37	81	8
37	82	1
37	84	9
37	86	47
37	87	25
37	88	1
37	89	9
37	90	1
37	91	8
37	92	4
37	93	3
37	94	5
37	95	2
38	39	13
38	40	5
38	41	3
38	42	7
38	43	7
38	45	3
38	46	6
38	47	2
38	49	6
38	50	11
38	51	10
38	52	2
38	53	1
38	54	7
38	55	11
38	56	10
38	57	1
38	58	11
38	59	3
38	60	8
38	62	7
38	63	8
38	64	5
38	65	6
38	66	10
38	67	8
38	68	8
38	69	3
38	71	6
38	72	10
38	74	1
38	75	5
38	76	7
38	77	13
38	78	12
38	80	5
38	81	4
38	82	4
38	83	5
38	84	1
38	85	5
38	86	29
38	87	8
38	88	5
38	91	4
38	92	13
38	93	2
38	94	6
39	40	7
39	41	1
39	42	15
39	43	10
39	44	1
39	45	3
39	46	27
39	47	7
39	48	14
39	49	43
39	50	26
39	51	23
39	52	8
39	53	16
39	54	13
39	55	10
39	56	44
39	57	6
39	58	8
39	59	10
39	60	9
39	61	6
39	62	9
39	63	28
39	64	15
39	65	6
39	66	28
39	67	20
39	68	18
39	69	4
39	70	5
39	71	6
39	72	24
39	73	8
39	74	7
39	75	3
39	76	18
39	77	50
39	78	23
39	79	7
39	80	5
39	81	9
39	82	14
39	83	14
39	84	15
39	85	4
39	86	40
39	87	24
39	88	3
39	89	4
39	90	24
39	92	26
39	93	14
39	94	17
39	95	28
40	41	6
40	42	5
40	43	10
40	45	5
40	46	2
40	47	4
40	48	10
40	49	8
40	50	16
40	51	12
40	52	4
40	53	9
40	54	3
40	55	8
40	56	7
40	57	6
40	58	3
40	60	11
40	61	6
40	62	11
40	63	14
40	64	11
40	65	3
40	66	11
40	67	20
40	68	5
40	69	1
40	70	1
40	71	9
40	72	6
40	73	5
40	74	7
40	75	14
40	77	6
40	78	5
40	79	2
40	80	4
40	81	6
40	82	1
40	83	10
40	84	3
40	85	8
40	86	20
40	87	11
40	88	1
40	89	2
40	90	4
40	91	3
40	92	14
40	93	1
40	94	2
40	95	7
41	43	3
41	45	28
41	48	2
41	49	5
41	50	12
41	51	11
41	52	1
41	54	7
41	55	3
41	56	3
41	57	2
41	58	6
41	59	1
41	62	6
41	63	3
41	64	2
41	65	2
41	66	4
41	67	15
41	68	1
41	69	2
41	72	6
41	74	3
41	75	3
41	76	8
41	77	1
41	78	1
41	80	5
41	81	2
41	82	5
41	83	4
41	85	5
41	86	1
41	87	3
41	92	31
41	94	3
41	95	1
42	43	9
42	44	5
42	45	7
42	46	20
42	47	14
42	48	27
42	49	14
42	50	26
42	51	18
42	52	16
42	53	17
42	54	19
42	55	14
42	56	21
42	57	1
42	58	9
42	59	6
42	60	10
42	61	6
42	62	20
42	63	8
42	64	5
42	65	20
42	66	14
42	67	32
42	68	14
42	69	10
42	70	13
42	71	10
42	72	18
42	73	20
42	74	15
42	75	5
42	76	12
42	77	17
42	78	11
42	79	12
42	80	21
42	81	14
42	82	7
42	83	4
42	84	12
42	85	4
42	86	63
42	87	24
42	88	4
42	89	16
42	90	7
42	91	9
42	92	24
42	93	16
42	94	1
42	95	16
43	44	1
43	46	3
43	47	4
43	48	11
43	49	12
43	50	10
43	51	5
43	53	1
43	54	6
43	55	10
43	56	6
43	57	1
43	58	4
43	60	6
43	61	5
43	62	12
43	63	19
43	64	18
43	65	2
43	66	14
43	67	24
43	68	9
43	69	4
43	70	3
43	71	6
43	72	8
43	73	5
43	74	11
43	75	8
43	76	4
43	77	15
43	78	16
43	79	9
43	80	10
43	81	6
43	82	3
43	83	12
43	84	8
43	85	9
43	86	18
43	87	6
43	88	2
43	89	3
43	90	13
43	91	4
43	92	2
43	93	6
43	94	3
43	95	14
44	46	5
44	47	2
44	48	6
44	49	2
44	50	5
44	52	5
44	53	6
44	54	4
44	55	1
44	56	3
44	58	2
44	60	2
44	64	1
44	65	4
44	66	3
44	67	3
44	68	7
44	70	1
44	72	1
44	78	2
44	80	3
44	81	4
44	84	4
44	86	24
44	87	3
44	88	5
44	89	3
44	91	1
44	92	1
44	94	2
45	46	3
45	48	2
45	49	7
45	50	11
45	51	11
45	52	5
45	53	5
45	54	11
45	56	3
45	57	3
45	58	3
45	59	1
45	60	2
45	61	2
45	64	3
45	65	2
45	66	10
45	67	14
45	68	2
45	69	3
45	72	3
45	74	3
45	75	3
45	76	10
45	77	1
45	78	1
45	80	4
45	81	2
45	82	5
45	83	6
45	84	3
45	85	4
45	86	6
45	87	5
45	92	42
45	93	1
45	94	3
45	95	3
46	47	7
46	48	17
46	49	7
46	50	29
46	51	10
46	52	8
46	53	11
46	54	19
46	55	2
46	56	17
46	57	2
46	58	5
46	59	11
46	60	4
46	62	6
46	63	3
46	64	1
46	65	4
46	66	15
46	67	8
46	68	19
46	69	7
46	70	7
46	71	7
46	72	10
46	73	9
46	74	5
46	75	1
46	76	29
46	77	10
46	78	11
46	79	2
46	80	16
46	81	6
46	82	5
46	84	15
46	85	4
46	86	50
46	87	25
46	88	5
46	89	6
46	91	7
46	92	25
46	93	12
46	94	3
46	95	4
47	48	12
47	49	3
47	50	1
47	51	3
47	52	5
47	53	2
47	54	5
47	55	1
47	56	5
47	57	3
47	59	3
47	60	6
47	62	2
47	63	5
47	64	5
47	65	1
47	67	10
47	68	3
47	69	2
47	70	3
47	71	11
47	72	9
47	73	8
47	74	5
47	75	1
47	76	5
47	77	8
47	78	2
47	79	4
47	80	4
47	83	1
47	84	6
47	86	8
47	87	5
47	88	2
47	90	5
47	92	1
47	93	2
47	95	5
48	49	6
48	50	12
48	51	18
48	52	15
48	53	27
48	54	26
48	55	1
48	56	11
48	57	8
48	58	9
48	59	10
48	60	14
48	61	5
48	62	5
48	63	8
48	64	12
48	65	5
48	66	24
48	67	14
48	68	13
48	69	2
48	70	10
48	71	10
48	72	19
48	73	15
48	74	5
48	75	9
48	76	9
48	77	8
48	78	13
48	79	7
48	80	11
48	81	14
48	82	13
48	83	1
48	84	11
48	85	2
48	86	60
48	87	35
48	88	4
48	89	12
48	90	4
48	91	8
48	92	14
48	93	18
48	94	9
48	95	10
49	50	21
49	51	17
49	52	2
49	53	11
49	54	5
49	55	12
49	56	22
49	57	6
49	58	3
49	59	5
49	60	9
49	61	7
49	62	8
49	63	30
49	64	11
49	65	2
49	66	20
49	67	24
49	68	12
49	69	11
49	70	14
49	71	14
49	72	14
49	73	8
49	74	8
49	75	2
49	76	10
49	77	28
49	78	14
49	79	7
49	80	9
49	81	18
49	82	7
49	83	13
49	84	13
49	85	7
49	86	29
49	87	10
49	88	1
49	89	4
49	90	22
49	91	2
49	92	27
49	93	5
49	94	15
49	95	18
50	51	66
50	52	9
50	53	15
50	54	22
50	55	11
50	56	24
50	57	12
50	58	12
50	59	7
50	60	12
50	61	5
50	62	20
50	63	5
50	64	9
50	65	8
50	66	11
50	67	16
50	68	20
50	69	4
50	70	4
50	71	8
50	72	16
50	73	3
50	74	8
50	75	8
50	76	18
50	77	11
50	78	16
50	79	8
50	80	21
50	81	25
50	82	17
50	83	15
50	84	12
50	85	16
50	86	62
50	87	28
50	88	5
50	89	8
50	90	6
50	91	7
50	92	109
50	93	14
50	94	7
50	95	6
51	52	7
51	53	15
51	54	14
51	55	10
51	56	27
51	57	13
51	58	6
51	59	9
51	60	6
51	61	2
51	62	17
51	63	8
51	64	13
51	65	7
51	66	6
51	67	18
51	68	12
51	69	4
51	70	1
51	71	7
51	72	12
51	73	2
51	74	6
51	76	5
51	77	10
51	78	15
51	79	8
51	80	11
51	81	19
51	82	17
51	83	9
51	84	8
51	85	13
51	86	37
51	87	13
51	88	1
51	89	9
51	90	4
51	91	2
51	92	67
51	93	6
51	94	5
51	95	7
52	53	11
52	54	21
52	56	3
52	57	1
52	60	3
52	61	6
52	62	3
52	63	3
52	64	2
52	65	4
52	66	2
52	67	4
52	68	9
52	69	4
52	71	1
52	72	8
52	73	8
52	74	3
52	76	9
52	77	4
52	78	4
52	79	2
52	80	5
52	81	8
52	82	1
52	84	9
52	86	46
52	87	18
52	88	2
52	89	3
52	91	6
52	92	5
52	93	2
52	94	4
52	95	2
53	54	9
53	55	4
53	56	12
53	57	9
53	59	4
53	60	15
53	61	2
53	62	5
53	63	4
53	64	3
53	65	6
53	66	11
53	67	12
53	68	11
53	69	13
53	70	4
53	71	9
53	72	5
53	73	5
53	74	4
53	75	5
53	76	4
53	77	12
53	78	9
53	79	3
53	80	5
53	81	8
53	82	1
53	83	2
53	84	22
53	85	2
53	86	37
53	87	27
53	88	6
53	89	8
53	90	13
53	91	3
53	92	16
53	93	5
53	94	10
53	95	9
54	55	2
54	56	11
54	57	1
54	58	3
54	59	8
54	60	7
54	61	7
54	62	1
54	63	1
54	64	4
54	65	5
54	66	7
54	67	4
54	68	21
54	69	5
54	70	2
54	71	1
54	72	12
54	73	11
54	74	2
54	75	1
54	76	19
54	77	8
54	78	11
54	80	14
54	81	10
54	82	6
54	83	1
54	84	9
54	85	4
54	86	67
54	87	20
54	88	8
54	89	5
54	90	9
54	91	12
54	92	21
54	93	11
54	94	10
54	95	3
55	56	8
55	58	3
55	60	2
55	62	17
55	63	7
55	64	5
55	65	4
55	66	5
55	67	10
55	68	4
55	69	5
55	70	8
55	73	3
55	74	4
55	75	6
55	76	2
55	77	11
55	78	10
55	79	4
55	80	5
55	81	3
55	83	7
55	84	1
55	85	10
55	86	21
55	87	12
55	88	3
55	90	2
55	92	5
55	93	5
55	94	1
55	95	2
56	57	18
56	58	3
56	59	7
56	60	7
56	61	3
56	62	8
56	63	17
56	64	12
56	65	10
56	66	11
56	67	17
56	68	12
56	69	6
56	70	5
56	71	6
56	72	14
56	73	7
56	74	11
56	75	1
56	76	15
56	77	19
56	78	15
56	79	2
56	80	1
56	81	10
56	82	10
56	83	8
56	84	5
56	85	6
56	86	38
56	87	9
56	88	1
56	89	3
56	90	8
56	91	3
56	92	25
56	93	11
56	94	5
56	95	13
57	60	3
57	61	1
57	62	1
57	63	2
57	64	8
57	65	4
57	66	4
57	67	2
57	68	1
57	69	3
57	71	2
57	72	8
57	74	4
57	75	1
57	76	6
57	77	4
57	78	5
57	80	4
57	81	2
57	82	4
57	83	1
57	85	3
57	86	9
57	87	6
57	88	1
57	90	1
57	92	13
57	93	7
57	94	6
58	59	4
58	60	3
58	62	7
58	66	2
58	67	11
58	69	2
58	70	5
58	71	3
58	72	7
58	74	10
58	75	3
58	76	14
58	77	13
58	78	10
58	80	6
58	83	1
58	84	9
58	85	3
58	86	14
58	87	11
58	91	2
58	92	5
58	93	5
58	95	9
59	60	3
59	61	2
59	62	2
59	63	5
59	65	1
59	66	2
59	67	4
59	68	5
59	70	4
59	71	3
59	72	5
59	73	3
59	74	3
59	76	2
59	77	6
59	78	3
59	80	12
59	81	1
59	82	3
59	84	4
59	86	11
59	87	2
59	90	2
59	91	2
59	92	8
59	93	7
59	95	3
60	61	2
60	62	3
60	63	10
60	64	5
60	65	3
60	66	12
60	68	4
60	69	10
60	70	9
60	71	13
60	72	17
60	73	2
60	74	8
60	75	3
60	76	4
60	77	5
60	78	6
60	79	7
60	80	9
60	81	9
60	82	3
60	83	3
60	84	11
60	85	3
60	86	32
60	87	14
60	88	5
60	89	4
60	90	12
60	92	10
60	93	11
60	94	4
60	95	14
61	63	5
61	64	2
61	65	5
61	66	9
61	68	9
61	69	2
61	70	2
61	71	4
61	72	1
61	74	6
61	75	2
61	76	2
61	77	5
61	78	4
61	79	4
61	80	7
61	81	4
61	82	4
61	86	16
61	87	8
61	88	2
61	89	2
61	90	4
61	91	7
61	92	5
61	93	2
61	94	5
61	95	7
62	63	16
62	64	7
62	66	11
62	67	23
62	68	7
62	69	6
62	70	6
62	71	3
62	72	7
62	73	5
62	74	7
62	75	8
62	76	3
62	77	9
62	78	9
62	79	9
62	80	8
62	81	6
62	82	2
62	83	11
62	85	13
62	86	26
62	87	11
62	88	1
62	89	5
62	90	6
62	92	17
62	93	9
62	94	3
62	95	5
63	64	15
63	65	2
63	66	19
63	67	19
63	68	5
63	69	5
63	70	4
63	71	11
63	72	13
63	73	2
63	74	8
63	75	13
63	76	2
63	77	25
63	78	9
63	79	9
63	80	3
63	81	5
63	82	9
63	83	14
63	84	5
63	85	10
63	86	15
63	87	9
63	89	1
63	90	31
63	92	5
63	93	2
63	94	9
63	95	26
64	66	11
64	67	11
64	68	7
64	69	5
64	70	4
64	71	9
64	72	13
64	74	3
64	75	6
64	76	5
64	77	24
64	78	16
64	79	9
64	80	4
64	81	12
64	82	5
64	83	17
64	84	7
64	85	10
64	86	15
64	87	3
64	89	6
64	90	13
64	92	11
64	94	2
64	95	6
65	66	6
65	67	8
65	68	6
65	69	3
65	70	2
65	71	4
65	72	5
65	73	3
65	74	3
65	75	8
65	76	1
65	77	2
65	78	6
65	79	3
65	80	10
65	86	24
65	87	13
65	88	5
65	89	4
65	91	10
65	92	5
65	93	5
65	94	1
65	95	6
66	67	18
66	68	11
66	69	6
66	70	9
66	71	9
66	72	11
66	73	3
66	74	14
66	75	12
66	76	16
66	77	17
66	78	18
66	79	13
66	80	16
66	81	9
66	82	5
66	83	14
66	84	6
66	85	12
66	86	39
66	87	7
66	88	4
66	89	7
66	90	12
66	91	3
66	92	20
66	93	18
66	94	14
66	95	13
67	68	9
67	69	6
67	70	2
67	71	7
67	72	13
67	73	13
67	74	22
67	75	12
67	77	17
67	78	13
67	79	4
67	80	11
67	81	12
67	82	9
67	83	21
67	84	6
67	85	12
67	86	24
67	87	13
67	88	1
67	89	2
67	90	7
67	91	8
67	92	23
67	93	3
67	94	4
67	95	13
68	69	2
68	70	8
68	71	6
68	72	10
68	73	5
68	74	4
68	75	2
68	76	11
68	77	12
68	78	7
68	79	5
68	80	11
68	81	12
68	82	10
68	83	1
68	84	7
68	85	1
68	86	48
68	87	22
68	88	7
68	89	5
68	90	1
68	91	4
68	92	14
68	93	2
68	94	7
68	95	14
69	70	5
69	71	3
69	72	3
69	73	3
69	74	3
69	76	3
69	77	3
69	78	3
69	79	5
69	80	2
69	81	7
69	83	5
69	84	9
69	86	12
69	87	5
69	88	4
69	89	5
69	90	5
69	92	5
69	93	3
69	94	2
69	95	8
70	71	4
70	72	4
70	73	3
70	74	10
70	75	8
70	76	3
70	77	4
70	78	3
70	79	3
70	80	7
70	81	7
70	82	1
70	83	5
70	84	2
70	85	1
70	86	12
70	87	12
70	88	3
70	89	6
70	90	4
70	91	2
70	92	2
70	93	5
70	95	3
71	72	11
71	73	2
71	74	8
71	75	6
71	76	2
71	77	7
71	78	8
71	79	3
71	80	13
71	81	10
71	82	3
71	83	7
71	84	3
71	85	1
71	86	12
71	87	4
71	89	7
71	90	6
71	91	2
71	92	8
71	93	4
71	94	3
71	95	16
72	73	4
72	74	12
72	75	6
72	76	12
72	77	18
72	78	8
72	79	12
72	80	7
72	81	9
72	82	5
72	83	6
72	84	4
72	85	2
72	86	22
72	87	9
72	88	1
72	89	4
72	90	15
72	91	1
72	92	19
72	93	15
72	94	6
72	95	25
73	74	2
73	75	5
73	76	2
73	77	4
73	78	1
73	79	5
73	80	6
73	81	3
73	82	1
73	83	1
73	84	5
73	86	22
73	87	4
73	88	1
73	89	9
73	91	3
73	92	2
73	93	2
73	95	6
74	75	10
74	76	9
74	77	4
74	78	1
74	79	2
74	80	7
74	81	3
74	82	5
74	83	9
74	84	3
74	85	5
74	86	12
74	87	15
74	89	3
74	90	8
74	91	2
74	92	8
74	93	4
74	95	7
75	76	1
75	77	6
75	78	9
75	79	2
75	80	2
75	81	3
75	83	12
75	84	1
75	85	6
75	86	12
75	87	11
75	89	7
75	90	2
75	91	3
75	92	5
75	93	3
75	94	1
75	95	5
76	77	10
76	78	13
76	79	4
76	80	8
76	81	6
76	82	6
76	83	1
76	84	12
76	85	1
76	86	34
76	87	19
76	89	8
76	90	2
76	91	6
76	92	22
76	93	9
76	94	3
76	95	6
77	78	34
77	79	7
77	80	2
77	81	4
77	82	12
77	83	14
77	84	13
77	85	10
77	86	20
77	87	4
77	88	2
77	89	4
77	90	22
77	92	6
77	93	7
77	94	6
77	95	23
78	79	7
78	80	9
78	81	9
78	82	9
78	83	9
78	84	13
78	85	9
78	86	32
78	87	13
78	88	2
78	89	7
78	90	15
78	91	2
78	92	12
78	93	9
78	94	11
78	95	8
79	80	6
79	81	7
79	82	5
79	83	2
79	84	2
79	85	3
79	86	4
79	87	6
79	88	2
79	89	3
79	90	11
79	92	8
79	93	7
79	95	10
80	81	7
80	82	3
80	83	1
80	84	5
80	85	8
80	86	49
80	87	15
80	88	2
80	89	7
80	90	3
80	91	6
80	92	19
80	93	12
80	94	6
80	95	3
81	82	6
81	83	9
81	84	6
81	85	7
81	86	34
81	87	11
81	88	3
81	89	11
81	90	5
81	91	2
81	92	22
81	94	7
81	95	7
82	83	9
82	84	1
82	85	4
82	86	10
82	87	13
82	89	3
82	90	5
82	91	3
82	92	22
82	93	7
82	94	11
82	95	1
83	85	10
83	86	12
83	87	3
83	89	1
83	90	5
83	92	15
83	94	2
83	95	7
84	86	27
84	87	20
84	88	11
84	89	9
84	90	4
84	91	3
84	92	7
84	93	5
84	94	5
84	95	14
85	86	16
85	87	1
85	89	4
85	90	7
85	92	16
85	93	5
85	94	2
86	87	71
86	88	24
86	89	22
86	90	3
86	91	19
86	92	44
86	93	24
86	94	22
86	95	9
87	88	4
87	89	13
87	90	5
87	91	7
87	92	29
87	93	26
87	94	8
87	95	11
88	89	1
88	91	3
88	92	2
88	93	2
88	94	2
89	90	1
89	91	2
89	92	8
89	93	8
89	95	1
90	92	7
90	93	5
90	94	11
90	95	22
91	92	5
91	93	6
91	94	5
91	95	2
92	93	12
92	94	10
92	95	5
93	94	9
93	95	8
94	95	9
