1	2	2
1	3	3
1	6	3
1	7	3
1	8	2
1	11	4
1	12	2
1	13	2
1	14	6
1	19	4
1	20	3
1	21	3
1	22	2
1	23	1
1	25	1
1	26	2
1	29	1
1	31	4
1	32	3
1	33	2
1	34	5
1	35	2
1	36	2
1	37	2
1	39	3
1	40	1
1	42	1
1	43	4
1	44	2
1	45	2
1	49	4
1	50	1
1	51	5
1	55	3
1	57	3
1	58	1
1	59	1
1	62	2
1	63	1
1	65	1
1	66	3
1	67	1
1	70	5
1	71	1
1	72	4
1	73	4
1	74	2
1	75	3
1	77	4
1	78	3
1	79	4
1	80	4
1	84	2
1	85	3
1	87	3
1	89	1
1	91	2
1	93	1
1	94	2
1	95	1
1	96	4
1	97	4
1	98	2
1	100	2
1	101	3
1	103	2
1	104	2
1	105	2
1	106	1
1	107	2
1	108	1
1	109	3
2	5	5
2	6	2
2	7	3
2	9	2
2	10	2
2	13	4
2	14	7
2	18	3
2	19	3
2	20	1
2	21	1
2	23	1
2	25	2
2	27	1
2	28	3
2	29	1
2	30	1
2	32	1
2	33	2
2	34	4
2	35	2
2	36	1
2	37	1
2	38	1
2	41	1
2	45	2
2	46	2
2	49	5
2	51	3
2	52	3
2	53	2
2	55	1
2	56	1
2	57	2
2	58	2
2	59	4
2	60	1
2	61	1
2	62	5
2	66	1
2	68	2
2	69	2
2	70	3
2	72	8
2	74	3
2	75	4
2	76	2
2	77	6
2	79	3
2	81	2
2	83	4
2	84	4
2	85	3
2	86	3
2	87	6
2	88	1
2	91	4
2	92	1
2	93	1
2	94	2
2	95	2
2	96	2
2	97	1
2	98	2
2	100	2
2	101	2
2	103	2
2	105	2
2	107	1
2	109	1
2	110	1
3	5	5
3	8	5
3	9	1
3	11	3
3	16	5
3	21	5
3	22	5
3	25	1
3	28	5
3	29	5
3	34	3
3	37	5
3	38	5
3	39	6
3	41	5
3	45	1
3	52	5
3	53	1
3	54	2
3	55	1
3	56	2
3	58	5
3	60	5
3	61	4
3	62	6
3	63	5
3	64	5
3	67	5
3	68	5
3	69	5
3	71	8
3	74	6
3	78	3
3	79	3
3	81	5
3	82	6
3	83	7
3	85	5
3	86	1
3	87	5
3	88	7
3	89	6
3	90	6
3	93	5
3	95	6
3	98	5
3	99	5
3	102	5
3	103	5
3	105	1
3	108	5
4	5	1
4	9	4
4	10	2
4	11	2
4	13	1
4	14	1
4	19	1
4	20	2
4	21	5
4	23	1
4	24	1
4	26	3
4	27	2
4	28	3
4	29	1
4	31	2
4	33	1
4	35	2
4	36	1
4	37	2
4	40	3
4	41	2
4	44	2
4	45	1
4	46	1
4	47	1
4	48	2
4	49	8
4	50	3
4	51	1
4	53	1
4	54	1
4	55	4
4	56	5
4	57	2
4	60	4
4	62	3
4	65	2
4	66	1
4	67	5
4	68	2
4	69	3
4	70	3
4	72	3
4	74	2
4	75	2
4	76	1
4	78	2
4	79	1
4	80	3
4	84	1
4	85	1
4	87	1
4	88	2
4	89	1
4	91	1
4	92	1
4	94	1
4	96	2
4	98	7
4	99	1
4	100	2
4	102	2
4	103	4
4	104	1
4	105	4
4	106	1
4	107	1
4	108	1
4	109	1
4	110	1
5	7	3
5	8	7
5	9	4
5	10	2
5	11	2
5	13	5
5	14	9
5	15	2
5	16	7
5	18	5
5	19	3
5	21	6
5	22	5
5	24	2
5	25	4
5	26	1
5	27	8
5	28	8
5	29	8
5	30	3
5	32	4
5	33	7
5	34	2
5	35	3
5	37	5
5	38	6
5	39	10
5	40	2
5	41	8
5	44	6
5	45	4
5	46	3
5	47	1
5	49	6
5	50	1
5	51	6
5	52	6
5	53	7
5	55	9
5	56	4
5	58	5
5	59	7
5	60	7
5	61	1
5	62	16
5	63	7
5	64	9
5	66	2
5	67	6
5	68	7
5	69	6
5	70	6
5	71	5
5	72	6
5	74	10
5	76	2
5	77	2
5	81	7
5	82	5
5	83	8
5	84	4
5	85	5
5	86	6
5	87	9
5	88	8
5	89	13
5	90	5
5	91	6
5	92	4
5	93	5
5	94	4
5	95	8
5	96	6
5	97	1
5	98	10
5	99	5
5	100	4
5	101	2
5	102	5
5	103	7
5	104	3
5	105	10
5	106	4
5	107	4
5	108	6
5	109	3
5	110	3
5	111	2
6	7	3
6	9	1
6	10	1
6	12	2
6	14	5
6	18	1
6	19	3
6	20	3
6	21	1
6	22	3
6	23	1
6	26	2
6	28	1
6	30	3
6	31	5
6	33	3
6	34	2
6	35	3
6	36	3
6	37	5
6	38	3
6	39	2
6	40	1
6	41	3
6	43	2
6	44	3
6	45	1
6	46	3
6	48	1
6	49	8
6	50	1
6	51	2
6	52	2
6	53	3
6	55	1
6	56	1
6	57	3
6	58	3
6	62	4
6	63	2
6	65	1
6	66	2
6	67	2
6	69	1
6	70	5
6	72	5
6	73	3
6	74	1
6	75	2
6	76	1
6	77	2
6	78	1
6	79	1
6	80	2
6	82	3
6	83	2
6	84	1
6	85	2
6	88	1
6	91	2
6	94	2
6	95	2
6	96	5
6	98	2
6	99	2
6	100	3
6	101	1
6	103	3
6	104	4
6	107	2
6	108	2
6	111	1
7	9	1
7	10	2
7	11	1
7	12	3
7	14	6
7	16	2
7	17	2
7	18	1
7	19	3
7	20	2
7	21	1
7	22	4
7	23	5
7	25	2
7	27	1
7	30	2
7	31	7
7	32	3
7	33	4
7	34	5
7	35	3
7	36	3
7	37	4
7	39	4
7	42	3
7	43	4
7	44	5
7	45	2
7	46	1
7	49	7
7	50	1
7	51	2
7	52	1
7	53	5
7	54	1
7	55	3
7	57	9
7	58	2
7	59	3
7	61	1
7	63	2
7	64	2
7	66	3
7	67	1
7	69	2
7	70	3
7	71	1
7	72	7
7	73	3
7	74	5
7	75	5
7	76	4
7	78	3
7	79	4
7	80	2
7	82	1
7	83	3
7	84	3
7	85	4
7	86	6
7	89	4
7	91	5
7	94	1
7	96	9
7	97	1
7	98	4
7	99	1
7	100	9
7	102	1
7	103	1
7	104	2
7	105	5
7	106	3
7	107	5
7	108	1
7	110	3
8	9	4
8	10	2
8	11	2
8	13	5
8	14	8
8	16	7
8	18	5
8	19	2
8	20	3
8	21	9
8	22	8
8	23	2
8	25	4
8	27	5
8	28	10
8	29	7
8	31	5
8	32	2
8	33	1
8	34	1
8	36	2
8	37	5
8	38	5
8	39	5
8	41	5
8	43	5
8	44	3
8	46	2
8	48	1
8	49	5
8	51	2
8	52	5
8	55	16
8	56	8
8	57	1
8	58	8
8	60	5
8	61	3
8	62	10
8	63	5
8	64	5
8	65	1
8	67	7
8	68	5
8	69	5
8	70	5
8	71	7
8	72	3
8	73	6
8	74	6
8	76	2
8	79	2
8	81	5
8	82	5
8	83	7
8	84	2
8	85	5
8	86	2
8	87	10
8	88	5
8	89	11
8	90	5
8	92	7
8	93	7
8	95	10
8	96	6
8	98	10
8	99	8
8	100	2
8	101	5
8	102	5
8	103	9
8	105	13
8	106	1
8	107	3
8	108	5
8	110	2
9	10	6
9	11	4
9	12	2
9	13	2
9	14	5
9	15	2
9	16	3
9	18	6
9	19	4
9	21	3
9	22	2
9	23	3
9	24	1
9	25	1
9	26	3
9	27	3
9	28	3
9	29	3
9	30	1
9	31	2
9	33	5
9	34	2
9	35	3
9	36	1
9	37	4
9	39	1
9	40	2
9	41	3
9	42	2
9	43	1
9	44	4
9	45	4
9	46	5
9	49	8
9	50	3
9	51	3
9	52	2
9	53	3
9	55	7
9	56	9
9	57	4
9	58	1
9	59	6
9	60	2
9	61	1
9	62	9
9	63	1
9	64	1
9	65	5
9	66	1
9	67	3
9	68	2
9	69	4
9	70	5
9	71	3
9	72	9
9	73	2
9	74	2
9	75	8
9	76	6
9	77	3
9	78	4
9	80	3
9	82	1
9	83	6
9	84	2
9	85	1
9	86	6
9	87	2
9	88	1
9	89	3
9	91	3
9	92	2
9	93	1
9	94	3
9	95	2
9	96	6
9	97	2
9	98	4
9	99	2
9	100	6
9	101	2
9	102	2
9	103	3
9	104	2
9	105	6
9	107	2
9	111	3
10	11	3
10	12	3
10	13	4
10	14	6
10	18	2
10	19	4
10	21	2
10	23	10
10	24	1
10	25	2
10	27	2
10	28	5
10	29	2
10	30	6
10	31	6
10	32	2
10	33	5
10	34	2
10	35	3
10	36	1
10	37	3
10	40	2
10	41	1
10	42	3
10	43	2
10	45	3
10	46	5
10	49	8
10	50	1
10	51	4
10	52	5
10	53	4
10	55	1
10	56	1
10	59	3
10	60	1
10	61	2
10	62	4
10	65	2
10	67	4
10	70	11
10	72	8
10	74	5
10	75	6
10	76	5
10	77	2
10	78	1
10	79	2
10	80	1
10	82	2
10	83	4
10	84	5
10	86	4
10	87	2
10	88	1
10	89	4
10	91	4
10	92	2
10	94	2
10	96	7
10	98	3
10	99	1
10	100	5
10	101	3
10	104	3
10	107	8
10	108	1
10	110	2
10	111	3
11	12	1
11	14	5
11	17	4
11	19	1
11	21	2
11	22	1
11	23	5
11	25	4
11	26	3
11	27	6
11	28	6
11	29	1
11	31	4
11	32	3
11	33	1
11	34	4
11	35	1
11	38	1
11	39	2
11	40	6
11	41	5
11	42	3
11	47	3
11	49	3
11	50	3
11	51	1
11	52	2
11	53	1
11	55	2
11	56	2
11	57	2
11	58	1
11	59	1
11	60	1
11	61	2
11	62	2
11	63	2
11	65	3
11	66	1
11	67	5
11	68	2
11	69	8
11	70	3
11	71	1
11	72	5
11	73	1
11	74	3
11	75	3
11	77	4
11	78	5
11	79	3
11	80	1
11	85	3
11	87	1
11	88	6
11	89	4
11	90	2
11	91	1
11	92	4
11	93	2
11	95	1
11	96	1
11	97	2
11	98	1
11	99	1
11	103	1
11	104	1
11	105	1
11	106	1
11	107	5
11	108	2
11	109	2
11	110	2
11	111	2
12	14	3
12	18	1
12	21	1
12	23	2
12	28	1
12	29	2
12	30	1
12	31	3
12	33	1
12	34	1
12	35	1
12	36	1
12	37	3
12	39	1
12	40	1
12	41	3
12	42	3
12	45	6
12	46	3
12	49	1
12	50	1
12	52	1
12	53	1
12	56	1
12	57	2
12	58	2
12	62	2
12	63	2
12	65	2
12	67	2
12	69	7
12	70	2
12	71	1
12	72	3
12	74	3
12	75	3
12	76	4
12	84	1
12	85	4
12	86	2
12	88	3
12	89	1
12	91	1
12	92	2
12	94	1
12	95	1
12	96	4
12	97	1
12	99	1
12	100	1
12	102	1
12	104	3
12	106	1
12	108	2
12	109	5
12	111	5
13	14	3
13	18	5
13	19	2
13	21	1
13	25	2
13	28	3
13	30	2
13	31	2
13	43	4
13	46	2
13	49	5
13	51	2
13	52	2
13	53	2
13	55	6
13	59	2
13	62	7
13	66	1
13	68	2
13	70	6
13	72	2
13	73	2
13	74	3
13	76	2
13	77	2
13	81	2
13	82	2
13	83	2
13	84	2
13	86	2
13	87	4
13	91	2
13	94	2
13	95	6
13	96	4
13	98	2
13	99	3
13	100	2
13	101	4
13	103	3
13	105	6
13	107	3
14	15	2
14	16	1
14	17	2
14	18	4
14	19	9
14	20	4
14	21	3
14	22	7
14	23	9
14	24	3
14	25	10
14	26	5
14	27	9
14	28	8
14	29	8
14	30	6
14	31	11
14	32	6
14	33	8
14	34	4
14	35	3
14	36	6
14	37	9
14	38	3
14	39	1
14	40	5
14	41	4
14	42	5
14	43	2
14	44	10
14	45	10
14	46	8
14	47	6
14	48	5
14	49	11
14	50	2
14	51	8
14	52	7
14	53	8
14	54	1
14	55	12
14	56	6
14	57	12
14	58	3
14	59	9
14	60	2
14	61	3
14	62	8
14	63	3
14	64	2
14	65	5
14	66	7
14	67	3
14	69	5
14	70	12
14	71	2
14	72	17
14	73	7
14	74	10
14	75	7
14	76	7
14	77	7
14	78	2
14	79	1
14	80	6
14	82	2
14	83	11
14	84	6
14	85	7
14	86	15
14	87	9
14	88	6
14	89	7
14	91	5
14	92	6
14	93	4
14	94	8
14	96	13
14	97	2
14	98	8
14	99	2
14	100	9
14	101	5
14	103	4
14	104	6
14	105	9
14	106	3
14	107	9
14	108	1
14	109	2
14	110	5
14	111	6
15	17	2
15	18	3
15	23	1
15	24	2
15	25	2
15	27	2
15	30	2
15	33	2
15	35	2
15	37	2
15	39	1
15	43	2
15	45	4
15	46	1
15	48	1
15	49	6
15	50	2
15	53	4
15	54	2
15	55	5
15	56	6
15	62	7
15	67	5
15	70	4
15	71	2
15	72	2
15	74	2
15	76	2
15	77	2
15	78	2
15	82	1
15	88	2
15	89	1
15	92	2
15	93	2
15	95	2
15	98	3
15	100	2
15	105	5
15	107	5
16	17	1
16	18	4
16	19	1
16	21	6
16	22	5
16	26	1
16	28	6
16	29	6
16	33	1
16	37	6
16	38	5
16	39	7
16	41	6
16	42	1
16	47	1
16	49	2
16	50	1
16	51	1
16	52	6
16	55	3
16	56	3
16	58	7
16	59	1
16	60	5
16	62	6
16	63	6
16	64	5
16	65	1
16	67	6
16	68	5
16	69	6
16	71	9
16	74	6
16	75	1
16	80	1
16	81	5
16	82	5
16	83	8
16	85	5
16	87	5
16	88	8
16	89	7
16	90	5
16	92	1
16	93	7
16	95	6
16	98	7
16	99	5
16	100	1
16	102	5
16	103	7
16	105	5
16	106	2
16	108	5
16	110	2
17	18	1
17	21	1
17	25	2
17	30	1
17	33	2
17	35	2
17	36	1
17	37	1
17	41	1
17	42	1
17	43	2
17	47	2
17	49	2
17	52	2
17	53	4
17	54	2
17	55	1
17	58	1
17	61	1
17	62	1
17	63	2
17	64	2
17	66	1
17	67	2
17	69	2
17	71	3
17	74	4
17	75	2
17	77	1
17	78	1
17	85	1
17	86	2
17	88	10
17	89	2
17	90	1
17	92	2
17	93	2
17	95	1
17	100	2
17	103	2
17	105	1
18	19	3
18	20	1
18	21	1
18	22	2
18	23	1
18	24	2
18	26	1
18	27	2
18	28	1
18	29	1
18	32	1
18	33	1
18	34	2
18	35	1
18	36	1
18	37	2
18	39	1
18	41	1
18	42	1
18	44	1
18	45	3
18	46	3
18	48	1
18	49	5
18	50	1
18	51	3
18	52	2
18	53	5
18	55	11
18	56	5
18	57	1
18	58	3
18	59	5
18	61	1
18	62	6
18	63	2
18	65	1
18	67	2
18	69	2
18	70	4
18	71	4
18	72	3
18	73	1
18	74	1
18	75	4
18	76	2
18	77	2
18	78	1
18	83	3
18	84	3
18	85	3
18	86	3
18	87	2
18	88	2
18	89	1
18	91	3
18	92	5
18	93	4
18	94	2
18	95	6
18	96	2
18	97	1
18	98	4
18	99	4
18	100	4
18	101	2
18	103	7
18	105	11
18	107	3
18	109	1
18	111	1
19	20	2
19	21	1
19	22	4
19	23	3
19	24	2
19	26	1
19	27	1
19	28	1
19	29	2
19	30	1
19	31	2
19	32	2
19	33	8
19	34	4
19	35	1
19	36	4
19	37	2
19	38	1
19	39	2
19	40	1
19	41	4
19	42	3
19	43	2
19	44	6
19	45	1
19	46	3
19	47	2
19	49	10
19	50	1
19	51	7
19	52	1
19	53	6
19	54	4
19	55	1
19	56	2
19	57	2
19	58	3
19	59	5
19	62	3
19	63	3
19	65	1
19	66	2
19	67	5
19	69	2
19	70	10
19	71	1
19	72	8
19	73	3
19	74	2
19	75	3
19	76	3
19	77	4
19	78	1
19	80	6
19	82	1
19	83	5
19	84	7
19	85	2
19	86	4
19	87	4
19	88	2
19	89	1
19	91	4
19	92	1
19	93	2
19	94	4
19	95	1
19	96	11
19	97	2
19	98	5
19	99	1
19	100	9
19	101	5
19	103	1
19	104	3
19	105	1
19	106	2
19	107	4
19	108	1
19	109	1
19	110	1
19	111	3
20	21	3
20	22	6
20	23	1
20	26	1
20	31	3
20	33	2
20	34	2
20	35	1
20	36	2
20	37	2
20	40	2
20	43	2
20	44	3
20	45	2
20	49	3
20	50	1
20	51	2
20	54	1
20	55	3
20	56	3
20	57	4
20	58	3
20	59	2
20	60	1
20	62	4
20	65	2
20	66	2
20	67	2
20	70	3
20	72	4
20	73	4
20	74	1
20	75	1
20	77	1
20	78	1
20	79	1
20	80	2
20	83	1
20	84	5
20	85	5
20	88	3
20	89	3
20	92	3
20	93	2
20	94	1
20	95	3
20	96	5
20	97	1
20	98	4
20	99	2
20	100	2
20	104	2
20	105	3
20	106	1
20	107	4
20	109	2
20	111	2
21	22	7
21	24	2
21	25	1
21	26	2
21	27	2
21	28	9
21	29	9
21	32	2
21	33	1
21	34	2
21	36	1
21	37	6
21	38	5
21	39	5
21	41	8
21	45	1
21	49	3
21	50	3
21	51	3
21	52	6
21	55	8
21	56	7
21	57	1
21	58	10
21	59	5
21	60	5
21	61	1
21	62	16
21	63	8
21	64	5
21	65	3
21	66	4
21	67	9
21	68	7
21	69	8
21	70	1
21	71	8
21	72	2
21	74	8
21	75	5
21	76	1
21	79	1
21	80	2
21	81	5
21	82	5
21	83	8
21	85	8
21	87	5
21	88	8
21	89	9
21	90	6
21	91	2
21	92	6
21	93	12
21	94	1
21	95	10
21	96	3
21	98	7
21	99	7
21	100	1
21	102	5
21	103	9
21	104	2
21	105	9
21	106	1
21	108	6
21	110	2
22	23	2
22	26	2
22	27	1
22	28	5
22	29	5
22	30	2
22	31	2
22	32	2
22	33	4
22	34	3
22	35	3
22	36	2
22	37	9
22	38	5
22	39	9
22	40	2
22	41	6
22	42	1
22	43	3
22	44	4
22	46	1
22	47	1
22	49	7
22	50	1
22	52	6
22	53	1
22	54	1
22	55	2
22	56	2
22	57	5
22	58	7
22	59	3
22	60	5
22	62	9
22	63	5
22	64	5
22	65	2
22	66	4
22	67	5
22	68	5
22	69	5
22	70	4
22	71	5
22	72	4
22	73	14
22	74	7
22	75	5
22	79	1
22	80	3
22	81	5
22	82	5
22	83	7
22	84	3
22	85	9
22	87	5
22	88	5
22	89	5
22	90	5
22	91	3
22	92	2
22	93	7
22	95	7
22	96	4
22	97	1
22	98	11
22	99	6
22	100	6
22	102	5
22	103	5
22	104	5
22	105	2
22	106	1
22	107	4
22	108	5
22	111	3
23	24	3
23	25	7
23	26	1
23	27	3
23	28	2
23	29	5
23	30	2
23	31	8
23	32	3
23	33	3
23	34	6
23	35	1
23	37	6
23	38	2
23	40	4
23	42	5
23	44	5
23	45	4
23	46	2
23	47	2
23	48	3
23	49	7
23	50	1
23	51	3
23	52	4
23	53	5
23	54	3
23	55	5
23	56	4
23	57	10
23	58	1
23	59	3
23	61	2
23	62	1
23	65	6
23	67	1
23	70	5
23	72	5
23	74	6
23	75	4
23	76	5
23	77	2
23	78	2
23	79	6
23	80	2
23	82	2
23	83	3
23	84	3
23	86	8
23	87	3
23	89	5
23	91	3
23	92	3
23	93	1
23	94	3
23	96	5
23	98	2
23	99	3
23	100	7
23	104	4
23	105	7
23	106	1
23	107	6
23	108	3
23	109	4
23	110	2
23	111	3
24	27	2
24	28	1
24	30	2
24	32	2
24	33	1
24	35	1
24	37	1
24	44	3
24	45	3
24	48	1
24	49	6
24	50	1
24	52	2
24	53	2
24	54	2
24	55	5
24	56	3
24	57	1
24	59	3
24	60	2
24	62	4
24	66	2
24	67	1
24	70	1
24	72	3
24	75	2
24	76	2
24	83	5
24	86	2
24	91	2
24	92	4
24	94	1
24	96	3
24	98	1
24	99	2
24	100	3
24	104	2
24	105	3
24	107	3
24	109	2
24	110	2
24	111	1
25	26	2
25	27	4
25	28	8
25	29	5
25	31	4
25	32	4
25	34	2
25	37	4
25	38	4
25	39	2
25	40	2
25	41	2
25	42	2
25	44	5
25	45	3
25	47	8
25	48	5
25	49	1
25	51	4
25	52	4
25	53	3
25	55	8
25	56	5
25	57	6
25	61	5
25	62	4
25	63	4
25	67	3
25	68	2
25	69	4
25	70	5
25	71	3
25	72	2
25	74	6
25	77	2
25	78	4
25	80	2
25	81	2
25	82	2
25	86	5
25	87	4
25	88	2
25	89	5
25	92	4
25	93	3
25	94	4
25	95	3
25	96	6
25	98	2
25	100	4
25	101	2
25	102	2
25	105	8
25	107	6
25	110	2
25	111	2
26	27	2
26	28	2
26	29	1
26	30	3
26	31	1
26	32	2
26	33	2
26	34	1
26	35	3
26	38	1
26	39	2
26	40	1
26	41	2
26	42	2
26	44	1
26	45	1
26	46	1
26	47	1
26	49	5
26	50	4
26	51	5
26	55	2
26	56	3
26	57	2
26	58	1
26	59	1
26	60	1
26	61	2
26	62	2
26	65	3
26	66	2
26	67	3
26	69	2
26	72	6
26	73	2
26	74	3
26	75	5
26	77	1
26	79	1
26	80	1
26	83	1
26	84	2
26	85	1
26	86	2
26	88	2
26	89	1
26	91	3
26	94	1
26	96	3
26	97	5
26	103	2
26	105	1
26	107	3
26	109	1
26	111	2
27	28	5
27	29	2
27	30	1
27	31	3
27	32	2
27	33	4
27	34	1
27	35	2
27	40	2
27	41	4
27	44	2
27	45	3
27	46	3
27	47	1
27	48	1
27	49	4
27	50	2
27	51	2
27	52	1
27	53	3
27	55	6
27	56	6
27	57	2
27	58	1
27	59	3
27	60	1
27	61	3
27	62	5
27	64	2
27	65	2
27	66	2
27	69	3
27	70	6
27	73	1
27	74	2
27	75	2
27	79	1
27	80	1
27	82	1
27	84	1
27	85	1
27	86	3
27	87	3
27	88	3
27	89	6
27	91	1
27	92	6
27	94	1
27	95	1
27	96	4
27	97	1
27	98	3
27	99	1
27	100	3
27	101	1
27	103	1
27	104	1
27	105	5
27	106	1
27	107	4
27	108	1
27	110	4
27	111	2
28	29	7
28	30	2
28	31	2
28	32	2
28	33	2
28	34	3
28	35	3
28	36	1
28	37	7
28	38	7
28	39	8
28	40	3
28	41	10
28	43	3
28	44	4
28	45	1
28	46	2
28	47	4
28	48	2
28	49	9
28	50	4
28	51	2
28	52	13
28	53	2
28	55	7
28	56	7
28	57	1
28	58	6
28	59	3
28	60	7
28	61	5
28	62	13
28	63	11
28	64	5
28	65	3
28	66	2
28	67	11
28	68	7
28	69	11
28	70	5
28	71	10
28	72	6
28	73	3
28	74	14
28	75	2
28	76	4
28	77	2
28	78	4
28	79	4
28	80	2
28	81	7
28	82	5
28	83	7
28	84	2
28	85	5
28	86	2
28	87	7
28	88	8
28	89	9
28	90	5
28	91	3
28	92	3
28	93	6
28	94	3
28	95	8
28	96	4
28	98	10
28	99	8
28	100	1
28	101	3
28	102	9
28	103	8
28	104	1
28	105	4
28	106	2
28	107	7
28	108	8
28	109	1
28	110	3
28	111	2
29	31	4
29	32	2
29	33	2
29	36	1
29	37	10
29	38	8
29	39	6
29	40	4
29	41	7
29	42	2
29	44	3
29	45	5
29	46	2
29	47	3
29	48	2
29	49	1
29	50	1
29	51	5
29	52	7
29	53	1
29	55	4
29	56	3
29	57	2
29	58	6
29	59	1
29	60	6
29	62	10
29	63	10
29	64	5
29	65	3
29	66	1
29	67	7
29	68	5
29	69	8
29	70	4
29	71	8
29	72	3
29	74	9
29	75	4
29	76	2
29	77	2
29	79	3
29	81	5
29	82	6
29	83	7
29	85	5
29	86	4
29	87	11
29	88	8
29	89	9
29	90	5
29	91	1
29	92	4
29	93	12
29	94	2
29	95	6
29	96	2
29	97	1
29	98	5
29	99	5
29	100	5
29	102	5
29	103	6
29	104	2
29	105	4
29	108	5
29	110	2
29	111	3
30	31	4
30	32	4
30	33	8
30	34	4
30	35	1
30	36	2
30	37	3
30	40	2
30	41	2
30	42	1
30	43	3
30	44	1
30	45	3
30	46	2
30	48	1
30	49	7
30	50	2
30	51	6
30	52	6
30	53	3
30	55	8
30	56	4
30	57	3
30	58	2
30	59	2
30	60	1
30	62	7
30	63	2
30	64	2
30	66	4
30	67	2
30	70	6
30	71	1
30	72	5
30	73	2
30	74	7
30	75	4
30	76	2
30	77	3
30	78	3
30	82	6
30	83	3
30	86	1
30	87	1
30	88	2
30	89	3
30	91	3
30	93	2
30	94	5
30	95	2
30	96	7
30	98	2
30	99	1
30	100	4
30	103	2
30	104	4
30	105	5
30	106	2
30	107	6
30	108	1
30	109	1
30	110	1
30	111	3
31	32	5
31	33	4
31	34	3
31	35	1
31	36	2
31	37	6
31	40	1
31	41	1
31	42	4
31	43	4
31	44	6
31	45	3
31	46	4
31	48	1
31	49	6
31	50	2
31	51	6
31	52	1
31	53	2
31	55	7
31	57	7
31	58	3
31	59	1
31	60	2
31	61	2
31	62	5
31	63	3
31	65	3
31	66	2
31	67	1
31	68	2
31	69	1
31	70	7
31	72	5
31	73	4
31	74	4
31	75	2
31	76	3
31	77	2
31	78	4
31	79	4
31	80	3
31	82	2
31	83	2
31	85	7
31	86	5
31	87	3
31	88	1
31	89	7
31	90	3
31	91	3
31	92	3
31	93	4
31	94	3
31	95	2
31	96	9
31	97	1
31	98	2
31	100	6
31	101	2
31	103	3
31	104	5
31	105	5
31	107	8
31	108	2
31	110	4
31	111	2
32	33	4
32	34	4
32	38	2
32	39	3
32	40	1
32	42	1
32	44	3
32	45	1
32	46	2
32	47	2
32	49	2
32	50	3
32	51	7
32	52	2
32	53	1
32	55	5
32	57	4
32	59	2
32	61	1
32	62	2
32	63	2
32	65	1
32	66	4
32	67	1
32	68	2
32	69	1
32	70	3
32	72	3
32	73	2
32	74	10
32	75	2
32	76	2
32	77	2
32	78	2
32	79	3
32	80	4
32	83	4
32	85	2
32	86	3
32	87	3
32	89	7
32	90	2
32	91	5
32	92	4
32	93	2
32	95	1
32	96	6
32	100	4
32	101	3
32	102	2
32	103	2
32	104	2
32	105	3
32	107	7
32	109	4
32	110	3
32	111	2
33	34	6
33	35	9
33	36	2
33	37	2
33	38	1
33	39	1
33	40	4
33	41	2
33	42	4
33	43	4
33	44	9
33	45	4
33	46	7
33	49	9
33	50	5
33	51	7
33	52	5
33	53	8
33	54	4
33	55	5
33	56	5
33	57	6
33	58	4
33	59	5
33	60	1
33	62	9
33	63	1
33	64	2
33	65	4
33	67	4
33	69	1
33	70	3
33	71	1
33	72	7
33	73	3
33	74	6
33	75	5
33	76	3
33	77	2
33	78	4
33	79	4
33	80	5
33	83	5
33	84	4
33	85	4
33	86	2
33	87	1
33	88	7
33	89	6
33	91	4
33	92	1
33	93	1
33	94	5
33	95	1
33	96	12
33	97	1
33	98	5
33	99	1
33	100	8
33	101	1
33	103	3
33	104	4
33	105	4
33	106	4
33	107	4
33	108	3
33	110	1
33	111	3
34	35	2
34	36	1
34	37	1
34	38	2
34	39	9
34	44	3
34	45	1
34	46	1
34	47	2
34	48	2
34	49	6
34	51	8
34	52	3
34	53	4
34	55	5
34	56	1
34	57	6
34	58	8
34	59	6
34	60	1
34	62	3
34	63	2
34	65	1
34	66	1
34	67	1
34	70	2
34	72	2
34	73	2
34	74	5
34	75	9
34	76	1
34	77	2
34	78	5
34	79	5
34	80	2
34	83	6
34	84	3
34	86	3
34	89	4
34	90	2
34	91	5
34	92	2
34	94	7
34	96	7
34	97	7
34	98	2
34	99	3
34	100	6
34	101	2
34	102	2
34	103	4
34	104	2
34	105	6
34	106	8
34	107	6
35	36	1
35	37	1
35	40	1
35	41	1
35	44	4
35	45	2
35	46	3
35	49	11
35	50	3
35	51	2
35	52	4
35	53	5
35	54	5
35	55	3
35	56	4
35	57	4
35	59	10
35	60	1
35	62	3
35	67	5
35	70	5
35	72	2
35	73	2
35	74	5
35	75	6
35	76	2
35	77	2
35	78	1
35	79	5
35	82	1
35	83	4
35	84	10
35	85	2
35	87	2
35	88	3
35	89	3
35	91	2
35	92	1
35	94	2
35	96	2
35	97	4
35	98	3
35	99	1
35	100	1
35	103	5
35	104	4
35	105	2
35	108	4
35	109	1
35	110	1
36	37	3
36	40	2
36	41	2
36	43	3
36	44	2
36	45	2
36	46	1
36	47	1
36	49	4
36	50	2
36	53	1
36	56	1
36	58	1
36	59	1
36	60	1
36	62	1
36	64	1
36	66	2
36	67	3
36	69	2
36	70	4
36	72	7
36	73	2
36	74	2
36	75	3
36	76	2
36	78	1
36	80	2
36	83	2
36	84	2
36	85	3
36	86	3
36	88	3
36	89	1
36	92	2
36	93	1
36	95	1
36	96	5
36	98	5
36	99	1
36	100	2
36	101	2
36	103	1
36	104	3
36	105	1
36	107	2
36	108	1
36	110	1
37	38	9
37	39	7
37	40	3
37	41	7
37	42	6
37	43	2
37	44	7
37	45	4
37	46	4
37	47	2
37	48	2
37	49	6
37	50	3
37	52	6
37	53	8
37	55	6
37	56	7
37	57	6
37	58	6
37	59	1
37	60	6
37	62	11
37	63	5
37	64	5
37	65	3
37	66	3
37	67	8
37	68	7
37	69	6
37	70	6
37	71	6
37	72	5
37	73	4
37	74	8
37	75	5
37	76	4
37	77	4
37	78	6
37	80	4
37	81	5
37	82	5
37	83	5
37	85	7
37	86	5
37	87	8
37	88	8
37	89	5
37	90	5
37	91	1
37	93	6
37	94	2
37	95	7
37	96	7
37	98	7
37	99	7
37	100	9
37	101	2
37	102	7
37	103	10
37	104	5
37	105	6
37	107	5
37	108	6
37	109	1
37	110	1
37	111	2
38	39	9
38	40	3
38	41	6
38	44	1
38	45	3
38	47	4
38	48	2
38	49	1
38	52	7
38	53	1
38	56	2
38	57	3
38	58	5
38	60	5
38	62	6
38	63	7
38	64	5
38	67	6
38	68	5
38	69	7
38	71	5
38	72	2
38	74	7
38	77	2
38	78	2
38	80	2
38	81	5
38	82	6
38	83	5
38	85	5
38	87	7
38	88	5
38	89	5
38	90	5
38	91	1
38	93	5
38	94	2
38	95	5
38	96	2
38	97	1
38	98	5
38	99	5
38	100	2
38	101	2
38	102	7
38	103	7
38	107	2
38	108	5
38	111	1
39	40	1
39	41	6
39	46	1
39	47	2
39	48	1
39	49	2
39	52	7
39	53	1
39	55	1
39	57	4
39	58	6
39	60	6
39	62	8
39	63	7
39	64	5
39	67	6
39	68	5
39	69	6
39	70	1
39	71	5
39	72	1
39	73	3
39	74	7
39	75	2
39	78	3
39	79	2
39	80	2
39	81	5
39	82	6
39	83	5
39	85	5
39	86	1
39	87	5
39	88	6
39	89	7
39	90	5
39	91	6
39	93	5
39	94	2
39	95	5
39	97	4
39	98	5
39	99	7
39	100	3
39	101	2
39	102	7
39	103	6
39	105	3
39	106	3
39	107	3
39	108	5
39	109	2
39	110	2
39	111	1
40	41	1
40	42	1
40	44	1
40	45	4
40	46	4
40	47	3
40	48	4
40	49	1
40	50	3
40	51	2
40	53	2
40	55	1
40	56	3
40	57	6
40	59	1
40	62	3
40	65	3
40	66	2
40	67	3
40	69	1
40	70	3
40	72	5
40	73	2
40	74	3
40	75	2
40	76	1
40	77	4
40	78	2
40	80	1
40	84	2
40	85	4
40	86	2
40	87	3
40	88	2
40	89	1
40	91	2
40	92	1
40	94	2
40	96	5
40	97	1
40	98	5
40	99	2
40	100	4
40	101	2
40	103	4
40	104	2
40	107	3
40	108	3
40	109	3
40	110	2
41	44	4
41	46	1
41	47	2
41	48	2
41	49	2
41	50	4
41	51	1
41	52	8
41	53	2
41	54	1
41	55	3
41	56	7
41	57	1
41	58	6
41	59	2
41	60	7
41	62	8
41	63	13
41	64	7
41	65	4
41	66	2
41	67	9
41	68	5
41	69	17
41	70	1
41	71	7
41	72	4
41	74	8
41	75	3
41	76	1
41	77	3
41	78	1
41	79	1
41	80	1
41	81	7
41	82	9
41	83	6
41	85	8
41	86	3
41	87	8
41	88	15
41	89	11
41	90	5
41	91	2
41	92	1
41	93	10
41	94	2
41	95	7
41	96	2
41	98	5
41	99	6
41	100	2
41	102	5
41	103	6
41	104	2
41	105	3
41	107	1
41	108	6
41	109	5
41	110	2
41	111	9
42	43	2
42	44	4
42	45	6
42	46	4
42	49	3
42	50	3
42	51	3
42	52	1
42	53	8
42	55	3
42	56	1
42	57	6
42	58	4
42	59	1
42	65	5
42	69	1
42	70	4
42	71	2
42	72	6
42	73	1
42	75	4
42	76	2
42	78	5
42	80	3
42	84	2
42	86	5
42	87	1
42	88	1
42	91	1
42	93	1
42	97	1
42	98	1
42	100	1
42	101	1
42	103	1
42	104	3
42	105	3
42	106	1
42	109	1
42	111	2
43	44	4
43	45	5
43	46	2
43	49	7
43	50	4
43	51	2
43	52	2
43	53	4
43	55	4
43	57	2
43	58	4
43	62	5
43	63	3
43	64	2
43	66	2
43	70	4
43	71	2
43	72	4
43	73	7
43	74	3
43	76	2
43	77	2
43	78	2
43	79	2
43	80	4
43	81	2
43	82	2
43	85	2
43	86	2
43	87	2
43	93	2
43	94	2
43	96	6
43	98	4
43	100	4
43	101	2
43	103	1
43	104	2
43	105	2
43	107	5
43	111	2
44	45	4
44	46	4
44	47	1
44	48	2
44	49	8
44	50	1
44	51	2
44	53	5
44	54	2
44	55	9
44	56	8
44	57	7
44	58	3
44	59	8
44	61	2
44	62	9
44	63	2
44	64	2
44	66	2
44	67	3
44	68	2
44	69	2
44	70	7
44	71	2
44	72	8
44	73	4
44	75	2
44	76	2
44	77	1
44	78	7
44	79	1
44	80	6
44	83	3
44	84	2
44	85	4
44	86	9
44	87	3
44	88	2
44	89	8
44	91	6
44	92	2
44	94	4
44	95	2
44	96	10
44	98	6
44	99	1
44	100	11
44	101	1
44	102	4
44	103	5
44	104	4
44	105	9
44	106	2
44	107	2
44	109	3
45	46	5
45	47	3
45	48	3
45	49	3
45	50	2
45	53	5
45	55	6
45	56	4
45	57	9
45	58	2
45	59	2
45	61	2
45	62	6
45	63	1
45	65	3
45	66	2
45	67	1
45	69	4
45	70	2
45	71	2
45	72	10
45	74	2
45	75	5
45	76	4
45	77	5
45	78	3
45	80	4
45	82	1
45	83	2
45	84	5
45	86	5
45	87	3
45	88	6
45	89	3
45	91	2
45	92	6
45	93	2
45	94	5
45	95	3
45	96	4
45	97	2
45	98	3
45	100	4
45	101	2
45	103	1
45	104	3
45	105	4
45	107	6
45	108	2
45	109	6
45	110	3
45	111	6
46	48	2
46	49	8
46	50	3
46	51	2
46	52	1
46	53	6
46	55	3
46	56	2
46	57	6
46	58	2
46	59	4
46	60	1
46	61	1
46	62	2
46	65	4
46	66	1
46	68	2
46	70	7
46	71	2
46	72	7
46	73	2
46	74	3
46	75	4
46	76	11
46	77	2
46	78	2
46	79	4
46	80	2
46	83	2
46	84	5
46	85	4
46	86	6
46	87	4
46	88	3
46	89	2
46	91	3
46	94	3
46	96	9
46	98	1
46	99	1
46	100	7
46	101	7
46	103	4
46	104	5
46	105	1
46	106	1
46	108	3
46	109	4
46	110	3
46	111	2
47	48	2
47	49	1
47	52	4
47	53	1
47	54	2
47	56	2
47	57	2
47	60	1
47	62	1
47	63	4
47	69	6
47	71	2
47	72	2
47	74	6
47	77	2
47	78	2
47	80	4
47	83	1
47	87	2
47	88	4
47	89	2
47	92	1
47	94	4
47	95	1
47	96	2
47	100	2
47	101	2
47	102	2
47	107	3
47	110	1
47	111	3
48	49	2
48	53	2
48	55	3
48	56	4
48	57	5
48	58	2
48	59	1
48	60	1
48	61	1
48	63	2
48	67	3
48	70	1
48	72	1
48	73	1
48	76	1
48	77	2
48	79	1
48	82	3
48	83	1
48	86	2
48	87	5
48	88	2
48	89	4
48	91	1
48	92	1
48	94	5
48	97	2
48	98	3
48	99	1
48	100	2
48	101	1
48	103	2
48	105	1
48	106	1
48	109	1
48	111	2
49	50	7
49	51	11
49	52	5
49	53	7
49	54	4
49	55	11
49	56	5
49	57	9
49	58	5
49	59	9
49	60	6
49	62	15
49	63	1
49	64	3
49	65	3
49	66	4
49	67	12
49	68	2
49	69	4
49	70	25
49	71	3
49	72	12
49	73	7
49	74	8
49	75	6
49	76	14
49	77	7
49	78	4
49	79	12
49	80	4
49	82	6
49	83	9
49	84	13
49	85	6
49	86	8
49	87	5
49	88	11
49	89	4
49	91	7
49	92	4
49	93	1
49	94	6
49	95	3
49	96	9
49	97	2
49	98	11
49	99	2
49	100	12
49	101	7
49	102	1
49	103	3
49	104	5
49	105	8
49	106	1
49	107	10
49	108	2
49	109	3
49	111	4
50	51	6
50	52	3
50	53	2
50	54	2
50	55	2
50	56	5
50	57	4
50	58	3
50	59	4
50	60	1
50	62	3
50	63	1
50	65	5
50	67	2
50	69	3
50	70	4
50	71	4
50	72	4
50	73	1
50	74	2
50	75	5
50	76	5
50	77	2
50	79	4
50	81	3
50	83	3
50	84	4
50	85	1
50	86	4
50	87	1
50	88	3
50	89	2
50	91	2
50	92	1
50	93	3
50	94	3
50	95	1
50	96	6
50	98	3
50	99	1
50	100	2
50	103	1
50	104	2
50	105	2
50	107	2
50	108	1
50	109	5
50	111	2
51	52	1
51	53	9
51	55	6
51	56	1
51	57	6
51	58	7
51	59	6
51	60	2
51	61	2
51	62	6
51	63	2
51	65	2
51	67	3
51	69	1
51	70	10
51	71	1
51	72	4
51	74	7
51	75	4
51	76	2
51	77	7
51	78	1
51	79	1
51	80	2
51	81	2
51	82	2
51	83	5
51	84	5
51	85	1
51	86	6
51	87	5
51	88	2
51	89	5
51	91	6
51	92	3
51	93	3
51	94	9
51	95	1
51	96	14
51	97	2
51	98	2
51	100	7
51	101	2
51	103	3
51	104	2
51	105	5
51	106	3
51	107	6
51	109	1
51	111	2
52	53	1
52	55	3
52	56	1
52	57	1
52	58	6
52	59	5
52	60	7
52	62	13
52	63	13
52	64	7
52	65	4
52	66	2
52	67	8
52	68	5
52	69	10
52	70	3
52	71	10
52	72	8
52	73	1
52	74	11
52	75	5
52	76	3
52	77	1
52	78	3
52	79	5
52	80	5
52	81	5
52	82	9
52	83	10
52	84	4
52	85	7
52	86	1
52	87	6
52	88	9
52	89	10
52	90	5
52	92	1
52	93	8
52	94	4
52	95	6
52	96	4
52	97	1
52	98	5
52	99	5
52	100	3
52	101	2
52	102	7
52	103	10
52	104	1
52	105	2
52	106	1
52	107	4
52	108	9
52	109	4
52	110	3
52	111	4
53	54	3
53	55	9
53	56	6
53	57	6
53	58	4
53	59	7
53	60	1
53	62	8
53	63	4
53	64	2
53	65	3
53	67	4
53	68	1
53	70	8
53	72	5
53	73	1
53	74	5
53	75	6
53	76	3
53	77	5
53	78	7
53	80	3
53	82	2
53	83	2
53	84	3
53	86	10
53	87	3
53	88	4
53	89	2
53	90	1
53	91	6
53	92	3
53	94	5
53	95	1
53	96	8
53	97	2
53	98	2
53	99	1
53	100	6
53	101	4
53	102	1
53	103	3
53	104	4
53	105	8
53	106	6
53	107	6
53	108	1
53	109	1
54	56	2
54	57	1
54	59	2
54	61	2
54	62	1
54	67	2
54	71	2
54	75	1
54	78	1
54	79	2
54	80	1
54	82	1
54	83	2
54	84	4
54	86	2
54	88	4
54	94	1
54	96	2
54	97	2
54	99	1
54	103	2
54	106	1
54	107	1
54	111	1
55	56	23
55	57	7
55	58	5
55	59	6
55	60	2
55	61	4
55	62	17
55	63	1
55	65	2
55	66	3
55	67	6
55	68	4
55	69	1
55	70	6
55	71	6
55	72	2
55	73	4
55	74	5
55	75	4
55	76	4
55	78	6
55	79	4
55	80	3
55	82	3
55	83	2
55	84	2
55	85	6
55	86	6
55	87	4
55	88	2
55	89	10
55	90	3
55	91	3
55	92	9
55	93	11
55	94	4
55	95	11
55	96	12
55	97	1
55	98	9
55	99	3
55	100	7
55	101	2
55	102	4
55	103	12
55	104	3
55	105	46
55	106	3
55	107	5
55	108	1
55	109	3
55	110	2
55	111	2
56	57	3
56	58	5
56	59	6
56	60	1
56	61	5
56	62	14
56	63	3
56	64	2
56	65	3
56	67	6
56	68	2
56	69	3
56	70	2
56	71	7
56	72	1
56	73	1
56	74	3
56	75	6
56	76	1
56	77	2
56	78	4
56	79	1
56	80	3
56	82	2
56	83	3
56	84	1
56	87	3
56	88	6
56	89	6
56	91	2
56	92	8
56	93	5
56	94	2
56	95	5
56	96	3
56	98	6
56	99	1
56	100	7
56	101	1
56	102	4
56	103	5
56	104	1
56	105	23
56	106	1
56	107	5
56	108	1
56	111	2
57	58	7
57	59	4
57	60	1
57	61	2
57	62	6
57	65	3
57	66	1
57	67	2
57	68	1
57	69	3
57	70	7
57	71	1
57	72	8
57	73	4
57	74	5
57	75	4
57	76	5
57	77	6
57	78	5
57	79	9
57	80	3
57	82	2
57	83	3
57	84	3
57	85	3
57	86	3
57	87	4
57	88	1
57	89	3
57	90	1
57	91	4
57	93	1
57	94	11
57	95	1
57	96	13
57	97	4
57	98	6
57	99	4
57	100	6
57	102	1
57	103	4
57	104	2
57	105	7
57	106	2
57	107	3
57	108	2
57	109	7
57	110	2
57	111	2
58	59	3
58	60	5
58	62	10
58	63	8
58	64	5
58	65	1
58	67	6
58	68	5
58	69	7
58	70	5
58	71	8
58	72	2
58	74	6
58	75	4
58	77	2
58	78	3
58	80	2
58	81	7
58	82	7
58	83	6
58	84	2
58	85	5
58	87	5
58	88	8
58	89	7
58	90	5
58	91	3
58	92	4
58	93	9
58	94	5
58	95	8
58	96	3
58	97	5
58	98	5
58	99	7
58	100	1
58	102	5
58	103	9
58	105	5
58	106	2
58	107	1
58	108	5
58	110	1
58	111	2
59	62	3
59	63	1
59	65	2
59	66	4
59	67	1
59	69	1
59	70	10
59	71	1
59	72	7
59	73	3
59	74	2
59	75	12
59	76	5
59	77	3
59	78	1
59	79	4
59	82	1
59	83	12
59	84	9
59	85	1
59	86	5
59	87	2
59	88	4
59	89	7
59	91	9
59	92	5
59	93	1
59	94	5
59	95	2
59	96	5
59	97	4
59	98	3
59	99	2
59	100	4
59	101	3
59	103	6
59	104	6
59	105	5
59	106	1
59	107	2
59	108	1
59	109	1
59	110	5
60	62	7
60	63	5
60	64	6
60	65	1
60	66	1
60	67	9
60	68	5
60	69	8
60	70	2
60	71	5
60	72	2
60	74	5
60	75	1
60	78	1
60	79	1
60	81	5
60	82	5
60	83	5
60	84	1
60	85	7
60	86	2
60	87	6
60	88	7
60	89	5
60	90	5
60	91	1
60	92	1
60	93	5
60	95	7
60	96	3
60	97	1
60	98	11
60	99	6
60	101	1
60	102	5
60	103	5
60	105	1
60	106	1
60	107	2
60	108	6
60	110	1
60	111	1
61	62	5
61	70	2
61	71	6
61	73	1
61	74	1
61	82	1
61	83	2
61	85	1
61	86	2
61	87	1
61	88	3
61	89	3
61	90	1
61	91	3
61	92	2
61	93	1
61	95	2
61	96	2
61	98	3
61	101	1
61	102	2
61	103	4
61	105	4
61	106	1
61	107	5
61	110	2
62	63	16
62	64	9
62	65	3
62	66	1
62	67	10
62	68	11
62	69	10
62	70	9
62	71	9
62	72	8
62	73	4
62	74	14
62	75	3
62	76	3
62	78	4
62	79	3
62	80	4
62	81	7
62	82	9
62	83	12
62	84	5
62	85	9
62	86	2
62	87	7
62	88	12
62	89	13
62	90	9
62	91	4
62	92	5
62	93	15
62	95	16
62	96	11
62	98	10
62	99	10
62	100	8
62	101	3
62	102	9
62	103	14
62	104	1
62	105	18
62	106	4
62	107	11
62	108	6
62	109	5
62	111	5
63	64	13
63	65	4
63	67	9
63	68	5
63	69	11
63	70	2
63	71	8
63	72	4
63	74	11
63	75	3
63	77	2
63	78	2
63	79	4
63	80	2
63	81	5
63	82	9
63	83	6
63	84	3
63	85	6
63	86	4
63	87	7
63	88	10
63	89	10
63	90	5
63	91	3
63	92	1
63	93	12
63	94	4
63	95	8
63	96	2
63	98	5
63	99	5
63	100	3
63	101	2
63	102	7
63	103	8
63	104	1
63	105	1
63	106	2
63	107	2
63	108	6
63	109	3
63	111	10
64	67	6
64	68	5
64	69	6
64	71	5
64	72	3
64	74	7
64	75	2
64	78	1
64	81	5
64	82	7
64	83	5
64	85	6
64	86	3
64	87	5
64	88	7
64	89	7
64	90	5
64	92	1
64	93	7
64	95	5
64	98	6
64	99	5
64	100	2
64	102	5
64	103	7
64	108	5
64	109	2
64	111	4
65	67	1
65	69	5
65	70	2
65	71	3
65	72	4
65	73	2
65	75	6
65	76	5
65	79	5
65	80	2
65	83	1
65	84	1
65	85	2
65	86	3
65	87	1
65	88	1
65	89	1
65	90	2
65	91	4
65	92	1
65	93	1
65	95	2
65	96	3
65	98	4
65	100	1
65	101	2
65	103	1
65	104	3
65	105	2
65	106	2
65	108	5
65	109	4
65	110	1
65	111	2
66	69	1
66	70	4
66	71	1
66	72	4
66	73	4
66	74	4
66	75	5
66	76	1
66	77	1
66	78	1
66	79	1
66	80	3
66	83	2
66	85	2
66	86	1
66	87	1
66	88	2
66	89	2
66	91	3
66	92	2
66	96	4
66	97	1
66	98	3
66	99	1
66	100	2
66	101	1
66	104	5
66	105	2
66	107	2
66	110	4
66	111	2
67	68	6
67	69	11
67	70	1
67	71	6
67	72	9
67	74	9
67	75	3
67	76	1
67	77	4
67	78	7
67	79	2
67	80	1
67	81	5
67	82	6
67	83	8
67	84	4
67	85	8
67	86	2
67	87	5
67	88	11
67	89	7
67	90	5
67	91	1
67	92	2
67	93	7
67	95	10
67	96	6
67	97	1
67	98	11
67	99	5
67	100	4
67	101	3
67	102	7
67	103	7
67	105	6
67	106	1
67	107	6
67	108	8
67	109	1
67	110	1
67	111	3
68	69	5
68	71	7
68	74	7
68	76	2
68	78	2
68	79	2
68	80	4
68	81	7
68	82	5
68	83	5
68	85	9
68	87	5
68	88	7
68	89	7
68	90	7
68	93	7
68	95	7
68	96	4
68	98	7
68	99	5
68	100	4
68	102	7
68	103	7
68	105	2
68	108	5
69	71	11
69	72	5
69	74	11
69	75	1
69	76	1
69	77	2
69	78	1
69	79	1
69	81	5
69	82	6
69	83	6
69	84	1
69	85	10
69	86	1
69	87	6
69	88	14
69	89	8
69	90	7
69	92	5
69	93	7
69	94	2
69	95	8
69	96	6
69	98	8
69	99	5
69	100	1
69	102	6
69	103	6
69	105	1
69	107	1
69	108	7
69	109	6
69	110	4
69	111	9
70	71	1
70	72	8
70	73	4
70	74	4
70	75	3
70	76	6
70	77	7
70	78	1
70	79	2
70	80	3
70	82	5
70	83	4
70	84	8
70	85	3
70	86	6
70	87	5
70	88	1
70	89	7
70	91	7
70	92	4
70	94	6
70	95	1
70	96	9
70	97	1
70	98	7
70	99	2
70	100	7
70	101	6
70	103	1
70	104	6
70	105	6
70	106	1
70	107	9
70	108	2
70	109	2
70	110	4
71	72	2
71	74	5
71	75	3
71	76	2
71	77	3
71	78	1
71	79	2
71	81	5
71	82	5
71	83	9
71	85	6
71	86	1
71	87	6
71	88	13
71	89	8
71	90	8
71	91	2
71	92	1
71	93	11
71	94	3
71	95	7
71	96	2
71	98	13
71	99	5
71	100	4
71	102	7
71	103	10
71	105	6
71	108	7
71	111	2
72	73	4
72	74	4
72	75	13
72	76	9
72	77	5
72	78	5
72	79	3
72	80	5
72	83	8
72	84	9
72	85	4
72	86	7
72	87	3
72	88	3
72	89	4
72	91	3
72	92	1
72	93	1
72	94	6
72	96	14
72	97	2
72	98	9
72	99	1
72	100	5
72	101	4
72	103	2
72	104	5
72	107	5
72	108	3
72	109	8
72	110	1
72	111	10
73	74	2
73	75	4
73	76	2
73	79	2
73	80	2
73	83	2
73	84	2
73	85	4
73	87	3
73	89	1
73	91	3
73	96	6
73	97	1
73	98	7
73	99	1
73	100	4
73	101	3
73	104	5
73	105	2
73	106	2
73	107	3
73	111	2
74	75	4
74	76	3
74	77	2
74	78	6
74	79	5
74	80	6
74	81	7
74	82	6
74	83	9
74	84	3
74	85	8
74	86	6
74	87	5
74	88	10
74	89	11
74	90	6
74	91	4
74	92	1
74	93	8
74	94	1
74	95	10
74	96	6
74	97	1
74	98	10
74	99	10
74	100	6
74	101	2
74	102	9
74	103	7
74	104	3
74	105	6
74	107	9
74	108	7
74	109	2
74	110	3
74	111	5
75	76	5
75	77	4
75	78	2
75	79	3
75	80	1
75	82	2
75	83	4
75	84	4
75	85	2
75	86	6
75	87	1
75	88	6
75	89	3
75	91	3
75	92	4
75	93	1
75	94	2
75	95	1
75	96	4
75	97	5
75	98	3
75	99	3
75	100	4
75	101	2
75	103	5
75	104	3
75	105	5
75	108	1
75	110	1
75	111	7
76	77	2
76	78	2
76	79	13
76	80	2
76	83	3
76	84	2
76	85	2
76	86	7
76	87	3
76	88	4
76	89	1
76	91	2
76	94	4
76	96	8
76	99	1
76	100	5
76	101	2
76	102	3
76	104	4
76	105	1
76	107	2
76	108	5
76	109	7
76	111	3
77	78	3
77	79	1
77	80	2
77	82	2
77	83	3
77	84	3
77	85	3
77	86	2
77	87	4
77	88	3
77	89	1
77	91	2
77	93	2
77	94	7
77	96	2
77	97	1
77	98	2
77	100	4
77	101	4
77	107	2
77	108	2
77	109	1
77	111	2
78	79	5
78	80	7
78	82	1
78	83	1
78	84	2
78	85	1
78	86	5
78	88	1
78	89	1
78	91	1
78	92	1
78	95	3
78	96	2
78	98	2
78	100	5
78	101	4
78	102	6
78	103	2
78	105	6
78	107	7
78	108	2
79	80	3
79	83	1
79	84	6
79	86	5
79	88	2
79	89	2
79	91	3
79	93	2
79	96	3
79	97	1
79	100	3
79	101	1
79	102	2
79	104	1
79	105	4
79	107	1
79	108	3
79	109	5
80	83	1
80	84	1
80	85	4
80	88	1
80	89	1
80	96	8
80	98	4
80	99	1
80	100	5
80	101	3
80	102	4
80	103	2
80	104	2
80	105	3
80	107	6
80	108	2
80	109	2
80	111	1
81	82	5
81	83	5
81	85	5
81	87	5
81	88	5
81	89	5
81	90	5
81	93	5
81	94	2
81	95	7
81	96	2
81	98	7
81	99	5
81	102	5
81	103	5
81	108	5
81	111	2
82	83	5
82	84	1
82	85	5
82	86	3
82	87	7
82	88	8
82	89	8
82	90	5
82	93	8
82	94	4
82	95	6
82	98	5
82	99	5
82	102	5
82	103	7
82	105	3
82	107	2
82	108	5
82	111	4
83	84	8
83	85	5
83	86	3
83	87	8
83	88	9
83	89	9
83	90	7
83	91	8
83	92	3
83	93	6
83	94	5
83	95	6
83	96	6
83	97	1
83	98	9
83	99	7
83	100	8
83	101	4
83	102	5
83	103	6
83	104	4
83	105	1
83	106	2
83	107	2
83	108	5
83	109	1
83	110	3
84	85	3
84	86	2
84	87	2
84	88	2
84	89	2
84	91	4
84	92	1
84	94	4
84	96	4
84	97	1
84	98	8
84	99	1
84	100	6
84	101	8
84	103	4
84	104	2
84	105	1
84	106	1
84	108	2
84	109	5
84	111	3
85	86	1
85	87	5
85	88	7
85	89	8
85	90	8
85	91	1
85	92	1
85	93	10
85	94	1
85	95	6
85	96	9
85	98	13
85	99	5
85	100	6
85	101	2
85	102	6
85	103	9
85	104	2
85	105	4
85	107	3
85	108	6
85	109	7
85	110	1
85	111	3
86	87	6
86	88	3
86	89	5
86	91	7
86	92	3
86	93	1
86	94	5
86	95	1
86	96	9
86	98	1
86	99	1
86	100	7
86	101	2
86	102	2
86	103	1
86	104	3
86	105	7
86	106	1
86	107	2
86	110	1
86	111	4
87	88	8
87	89	10
87	90	6
87	91	3
87	92	3
87	93	5
87	94	6
87	95	5
87	96	6
87	98	6
87	99	5
87	100	6
87	101	5
87	102	5
87	103	6
87	104	1
87	105	4
87	106	1
87	107	2
87	108	7
87	109	1
87	110	1
87	111	3
88	89	16
88	90	6
88	91	1
88	92	6
88	93	9
88	94	3
88	95	8
88	96	3
88	98	5
88	99	6
88	100	3
88	102	5
88	103	8
88	104	1
88	105	2
88	107	2
88	108	6
88	109	4
88	110	2
88	111	9
89	90	8
89	91	3
89	92	7
89	93	8
89	94	5
89	95	7
89	96	6
89	97	1
89	98	6
89	99	5
89	100	6
89	101	1
89	102	5
89	103	8
89	105	8
89	106	2
89	107	5
89	108	6
89	109	5
89	110	4
89	111	4
90	93	8
90	95	6
90	98	7
90	99	5
90	102	5
90	103	7
90	105	1
90	106	2
90	108	9
91	92	2
91	94	4
91	95	1
91	96	4
91	97	5
91	98	4
91	99	2
91	100	6
91	101	2
91	102	2
91	103	4
91	104	6
91	105	3
91	106	3
91	107	3
91	109	2
91	110	3
92	93	3
92	95	3
92	96	4
92	98	1
92	99	1
92	100	3
92	103	2
92	104	2
92	105	9
92	107	5
92	109	2
92	110	5
92	111	1
93	95	9
93	96	1
93	98	9
93	99	5
93	100	1
93	102	5
93	103	10
93	105	9
93	108	5
93	109	1
93	110	1
93	111	2
94	96	9
94	97	3
94	98	2
94	99	2
94	100	7
94	101	2
94	103	1
94	104	2
94	105	3
94	106	7
94	107	1
94	108	1
94	109	2
94	110	1
94	111	7
95	96	1
95	98	7
95	99	8
95	100	3
95	102	5
95	103	10
95	105	11
95	106	1
95	107	3
95	108	6
95	109	1
95	110	1
96	97	1
96	98	11
96	99	3
96	100	11
96	101	7
96	102	3
96	103	5
96	104	5
96	105	11
96	106	3
96	107	10
96	108	2
96	109	6
96	110	2
96	111	7
97	99	1
97	101	1
97	103	4
97	104	1
97	106	2
97	107	1
97	109	1
98	99	9
98	100	3
98	101	4
98	102	7
98	103	9
98	104	8
98	105	9
98	106	3
98	107	2
98	108	8
99	100	3
99	102	5
99	103	8
99	104	3
99	105	3
99	106	2
99	107	1
99	108	6
100	101	5
100	102	2
100	103	5
100	104	2
100	105	7
100	106	2
100	107	6
100	109	2
101	102	2
101	103	3
101	105	3
101	106	1
101	107	2
101	109	2
102	103	9
102	105	4
102	107	2
102	108	5
103	105	12
103	107	2
103	108	7
103	109	3
103	110	1
104	105	2
104	106	3
104	107	2
104	108	2
104	110	3
104	111	2
105	106	4
105	107	5
105	108	1
105	109	2
105	110	3
105	111	1
106	107	1
106	110	2
107	108	2
107	109	2
107	110	3
107	111	3
108	109	3
108	110	1
109	110	1
109	111	6
110	111	1
